{
  "models": {
    "region": {
      "rate": 107.1497646153071,
      "alphabet": [
        "Africa",
        "Arctic",
        "Asia",
        "Caribbean",
        "Central America",
        "Europe",
        "Hawaii",
        "North America",
        "North American",
        "South America",
        "South American",
        "?"
      ],
      "equilibrium_probabilities": [
        0.03571676687596964,
        0.10794025290935506,
        0.12357293413484216,
        0.08921843115878152,
        0.09064489437726408,
        0.12273466778732954,
        0.08917219164259847,
        0.09045274560056453,
        0.1037300201899897,
        0.05339512054662189,
        0.09342197477668343
      ],
      "transition_matrix": [
        [
          0.0,
          3.069508473130699,
          6.489887604730433,
          0.9698529215739252,
          0.5224744620614569,
          8.344946309596379,
          0.7594804270854263,
          13.687920179779471,
          1.2764743176892215,
          1.0500478995080789,
          0.5048749359765211
        ],
        [
          3.069508473130699,
          0.0,
          0.5087156797533559,
          0.5089263885533368,
          0.5187325921650612,
          0.508893450657036,
          0.508895313140383,
          2.515728846070438,
          0.5091635156336702,
          0.5021191261738842,
          0.5089193550978188
        ],
        [
          6.489887604730433,
          0.5087156797533559,
          0.0,
          0.5099690655208086,
          0.5086121879462828,
          0.5314347575615903,
          0.5085041737281495,
          0.9611610781184385,
          1.2729145133475113,
          0.7609662429617213,
          0.508550284977451
        ],
        [
          0.9698529215739252,
          0.5089263885533368,
          0.5099690655208086,
          0.0,
          0.6522908593390447,
          0.5109384073493858,
          0.509198767344616,
          2.4714858256685934,
          0.508479701948956,
          2.239211204381909,
          0.5086710817265515
        ],
        [
          0.5224744620614569,
          0.5187325921650612,
          0.5086121879462828,
          0.6522908593390447,
          0.0,
          0.5351456380829028,
          0.5721033842472543,
          0.9414517101209106,
          0.5089659276609604,
          1.7203951044580508,
          0.50940041337899
        ],
        [
          8.344946309596379,
          0.508893450657036,
          0.5314347575615903,
          0.5109384073493858,
          0.5351456380829028,
          0.0,
          0.5312491671866096,
          1.5582975667677113,
          0.5847635963155287,
          1.2482853686170075,
          0.5088507796489135
        ],
        [
          0.7594804270854263,
          0.508895313140383,
          0.5085041737281495,
          0.509198767344616,
          0.5721033842472543,
          0.5312491671866096,
          0.0,
          1.010907866643163,
          0.5089492510384813,
          1.3424350541007717,
          0.6478931164247469
        ],
        [
          13.687920179779471,
          2.515728846070438,
          0.9611610781184385,
          2.4714858256685934,
          0.9414517101209106,
          1.5582975667677113,
          1.010907866643163,
          0.0,
          1.7564707752793098,
          7.107781436926101,
          0.7557566018878883
        ],
        [
          1.2764743176892215,
          0.5091635156336702,
          1.2729145133475113,
          0.508479701948956,
          0.5089659276609604,
          0.5847635963155287,
          0.5089492510384813,
          1.7564707752793098,
          0.0,
          0.7543307989902436,
          0.5089638517096284
        ],
        [
          1.0500478995080789,
          0.5021191261738842,
          0.7609662429617213,
          2.239211204381909,
          1.7203951044580508,
          1.2482853686170075,
          1.3424350541007717,
          7.107781436926101,
          0.7543307989902436,
          0.0,
          1.5524127265546561
        ],
        [
          0.5048749359765211,
          0.5089193550978188,
          0.508550284977451,
          0.5086710817265515,
          0.50940041337899,
          0.5088507796489135,
          0.6478931164247469,
          0.7557566018878883,
          0.5089638517096284,
          1.5524127265546561,
          0.0
        ]
      ]
    },
    "country": {
      "rate": 117.41580372345389,
      "alphabet": [
        "Argentina",
        "Austria",
        "Brazil",
        "Canada",
        "Chile",
        "China",
        "Colombia",
        "Congo",
        "Costa Rica",
        "Egypt",
        "Ethiopia",
        "Grenada",
        "Guyana",
        "Israel",
        "Kenya",
        "Mali",
        "Mexico",
        "Nicaragua",
        "Peru",
        "Plateau",
        "Poland",
        "Portugal",
        "Puerto Rico",
        "Sri Lanka",
        "St. Kitts",
        "Svalbard",
        "Turkey",
        "USA",
        "?"
      ],
      "equilibrium_probabilities": [
        0.041882294338813714,
        0.02044223449604508,
        0.014239697003879013,
        0.03169067310636571,
        0.03700620590849961,
        0.04489530956173456,
        0.03872036341690542,
        0.04692107365750762,
        0.03995944950977663,
        0.019010263289628387,
        0.021284608128163678,
        0.02977417242739917,
        0.04051744139812089,
        0.04584855083366908,
        0.04584855083366908,
        0.047367880096606536,
        0.03619079113472157,
        0.04188645420150653,
        0.04731948597058662,
        0.047319550988233886,
        0.04431573883197807,
        0.025735958187688316,
        0.0417109429166445,
        0.04581757267210926,
        0.042044713396571495,
        0.022385380671343658,
        0.021044632811994982,
        0.01882001020983702
      ],
      "transition_matrix": [
        [
          0.0,
          0.9284513170235936,
          0.9233460268015269,
          0.9289585595831371,
          0.9286344270387511,
          0.9285124186134469,
          0.9286178095819706,
          0.9286537607214685,
          0.9292242568541478,
          0.9276673267861464,
          0.9283615972666384,
          0.9283827783593049,
          0.9287128583532263,
          0.9286541771260771,
          0.9286541771260771,
          0.9291613906403277,
          0.9286503778059562,
          0.9292224278160655,
          0.9286530881963765,
          0.9286530868840768,
          0.9286447601008014,
          0.9285608691187377,
          0.9288374905730845,
          0.9286607639818589,
          0.9286679726845722,
          0.928518422201461,
          0.928476000617715,
          1.8431764403975157
        ],
        [
          0.9284513170235936,
          0.0,
          0.9272695771628439,
          0.9304352610228624,
          0.928557777409017,
          0.9288458121128709,
          0.9284520044790878,
          0.9285181279736022,
          0.929815579663308,
          0.928588635306679,
          0.929216050893285,
          0.9294734087202452,
          0.9284943561179055,
          0.9284327035157108,
          0.9284327035157108,
          0.9299908807281385,
          0.9287479821008022,
          0.9297036882284876,
          0.9284231397408323,
          0.9284231385655359,
          0.9284351268118324,
          0.9289679577096251,
          0.9287543616380473,
          0.928560572446848,
          0.9286829420802738,
          0.9286103481142728,
          0.928584626296076,
          12.042430329928946
        ],
        [
          0.9233460268015269,
          0.9272695771628439,
          0.0,
          1.0874010679437889,
          1.3864963546197937,
          0.9333679237779607,
          2.9007297718562617,
          0.9227520137408046,
          2.1631192035114615,
          0.9288345651028647,
          0.946487997478999,
          3.2472350706758486,
          2.4304470699176615,
          0.9227560453495677,
          0.9227560453495677,
          0.9262588535958389,
          1.3086793635259866,
          1.6224934694201034,
          1.3837026516332314,
          1.3836969659018388,
          1.8457175190628514,
          1.1457782363641964,
          1.7266453238655732,
          0.9228432680571136,
          0.92347553633802,
          0.9268109618623541,
          1.3919622962214782,
          12.517786476897122
        ],
        [
          0.9289585595831371,
          0.9304352610228624,
          1.0874010679437889,
          0.0,
          0.929046815621353,
          0.9293335344630677,
          0.9288378136228758,
          0.928925391981072,
          0.9297537013648366,
          0.9313632222175782,
          0.9340415606897581,
          0.9293150763048063,
          0.9289251188744196,
          0.928894414587576,
          0.928894414587576,
          0.9295983681035526,
          0.9292729889133626,
          0.9297263224519156,
          0.9288310690506715,
          0.9288310664532301,
          0.9288368992711558,
          0.9296594246126857,
          0.9291639055350703,
          0.9289122992564557,
          0.929001662431589,
          0.929988131783264,
          0.9302835395052389,
          3.715604141798632
        ],
        [
          0.9286344270387511,
          0.928557777409017,
          1.3864963546197937,
          0.929046815621353,
          0.0,
          0.9285527666590219,
          0.9286083498862201,
          0.9286442940340844,
          0.9293679469046954,
          0.9279837838710432,
          0.9285172279042337,
          0.9285302213038259,
          0.9287375407903125,
          0.9286372667855749,
          0.9286372667855749,
          0.9292089252390047,
          0.9287078580780704,
          0.9293934400185381,
          0.9286340156794729,
          0.9286340116485491,
          0.9286281750775298,
          0.9286494499332184,
          0.9289027968386758,
          0.9286462919425329,
          0.9286604610415639,
          0.9287277198722671,
          0.9285674023603863,
          2.311158854001734
        ],
        [
          0.9285124186134469,
          0.9288458121128709,
          0.9333679237779607,
          0.9293335344630677,
          0.9285527666590219,
          0.0,
          0.9284675974057367,
          0.928462632041363,
          0.9290782199916988,
          0.9295985273442893,
          1.2986048026154289,
          0.9283379599072349,
          0.9287054655008447,
          0.928473076265059,
          0.928473076265059,
          0.9289271141927098,
          2.3214972414560298,
          0.9290726638689553,
          0.9284412351638802,
          0.9284412333619271,
          0.9284550526795516,
          0.9287390291117339,
          0.9286940948260248,
          0.9284789035877861,
          0.9285311278692432,
          0.9287842656280052,
          0.9288208384758142,
          1.5522850344297117
        ],
        [
          0.9286178095819706,
          0.9284520044790878,
          2.9007297718562617,
          0.9288378136228758,
          0.9286083498862201,
          0.9284675974057367,
          0.0,
          0.9286079958671912,
          0.9294640622570632,
          0.9276803490802946,
          0.9283285875663673,
          0.9282685045656296,
          0.9288885794329753,
          0.9286218528347236,
          0.9286218528347236,
          0.92889699923672,
          0.9287874370375433,
          0.9297529406544365,
          0.928621272030056,
          0.9286212397695609,
          0.9286175516683466,
          0.9285607714799048,
          0.9291839362253187,
          0.9286235811577408,
          0.9286259562516631,
          0.928506196023212,
          0.9284769249529609,
          0.9224645886113417
        ],
        [
          0.9286537607214685,
          0.9285181279736022,
          0.9227520137408046,
          0.928925391981072,
          0.9286442940340844,
          0.928462632041363,
          0.9286079958671912,
          0.0,
          0.9291945344176771,
          0.9692085937193744,
          0.9284553059312719,
          1.4083974615166586,
          0.9287155606333322,
          0.9286545169993848,
          0.9286545169993848,
          1.4041281873695803,
          0.9287211178300404,
          0.9292146228598043,
          0.9286449029785154,
          0.9286449013709211,
          0.9286362493662629,
          0.9285667327983069,
          0.9288525356410343,
          0.928658861925916,
          0.9286696279288849,
          0.9285720784962753,
          0.9285333084626641,
          1.39845420400413
        ],
        [
          0.9292242568541478,
          0.929815579663308,
          2.1631192035114615,
          0.9297537013648366,
          0.9293679469046954,
          0.9290782199916988,
          0.9294640622570632,
          0.9291945344176771,
          0.0,
          0.9295285765074232,
          0.9296159575557557,
          0.9378951678101622,
          0.9295593404456698,
          0.9291824066977037,
          0.9291824066977037,
          0.9295501758723034,
          0.9295799201248012,
          1.6645919749728018,
          0.9292335317958627,
          0.9292335181178534,
          0.9293228137649155,
          0.9527863988617217,
          0.9302834674515733,
          0.929187127810225,
          0.9292401571862245,
          0.9296840304045578,
          0.9299075065507735,
          1.3756095703753035
        ],
        [
          0.9276673267861464,
          0.928588635306679,
          0.9288345651028647,
          0.9313632222175782,
          0.9279837838710432,
          0.9295985273442893,
          0.9276803490802946,
          0.9692085937193744,
          0.9295285765074232,
          0.0,
          3.3249621570742787,
          0.9468922424763299,
          0.9277643365986631,
          0.9275427788653923,
          0.9275427788653923,
          1.3909851640691397,
          2.3621122415440086,
          0.9312530987301813,
          0.9274746928923168,
          0.9274746902499363,
          0.927548157496045,
          0.9301656152037256,
          0.9281323306158943,
          0.9277871933136389,
          0.9632023847930464,
          0.9369602086813301,
          0.9492112568066232,
          17.844704164485076
        ],
        [
          0.9283615972666384,
          0.929216050893285,
          0.946487997478999,
          0.9340415606897581,
          0.9285172279042337,
          1.2986048026154289,
          0.9283285875663673,
          0.9284553059312719,
          0.9296159575557557,
          3.3249621570742787,
          0.0,
          0.929487753542994,
          0.9283566718014584,
          0.9282832854802482,
          0.9282832854802482,
          0.9299635379230073,
          0.9292520317343306,
          0.9295156074766872,
          0.928231030817491,
          0.928231029109975,
          0.9282673601763626,
          0.9291920179938834,
          0.9286571205679647,
          0.9283856995635895,
          0.9303247269992749,
          0.9291204494016521,
          0.9292157053767317,
          10.654997424260465
        ],
        [
          0.9283827783593049,
          0.9294734087202452,
          3.2472350706758486,
          0.9293150763048063,
          0.9285302213038259,
          0.9283379599072349,
          0.9282685045656296,
          1.4083974615166586,
          0.9378951678101622,
          0.9468922424763299,
          0.929487753542994,
          0.0,
          0.9285056926172035,
          0.9282758887888203,
          0.9282758887888205,
          1.2048715785732331,
          0.9288579303533735,
          0.9311261599870312,
          0.928181378314295,
          0.9281813395213929,
          0.9282112354525525,
          0.9292987131615155,
          0.9288578194536558,
          0.928289523079784,
          0.9284140433150702,
          0.9293598417669829,
          0.9297774965926499,
          3.2654405892461655
        ],
        [
          0.9287128583532263,
          0.9284943561179055,
          2.4304470699176615,
          0.9289251188744196,
          0.9287375407903125,
          0.9287054655008447,
          0.9288885794329753,
          0.9287155606333322,
          0.9295593404456698,
          0.9277643365986631,
          0.9283566718014584,
          0.9285056926172035,
          0.0,
          0.9287257535867484,
          0.9287257535867484,
          0.9290163021180069,
          1.0686455651391766,
          0.929745750779505,
          0.9287859140182608,
          0.9287858967681563,
          0.928826483820922,
          0.928651335567681,
          0.9292678458983373,
          0.9287275855066238,
          0.9287214476358313,
          0.9285549092854777,
          0.928544707124202,
          0.9237071134227682
        ],
        [
          0.9286541771260771,
          0.9284327035157108,
          0.9227560453495677,
          0.928894414587576,
          0.9286372667855749,
          0.928473076265059,
          0.9286218528347236,
          0.9286545169993848,
          0.9291824066977037,
          0.9275427788653923,
          0.9282832854802482,
          0.9282758887888203,
          0.9287257535867484,
          0.0,
          0.9286635646628681,
          0.9290985597150121,
          0.9286362640459125,
          0.9291989798999247,
          0.9286628599453852,
          0.9286628585467432,
          0.9286529134799281,
          0.9285206303968017,
          0.92885388057869,
          0.9286677093219585,
          0.9286699554384534,
          0.9285028365596305,
          0.9284563222520887,
          1.3812932035020031
        ],
        [
          0.9286541771260771,
          0.9284327035157108,
          0.9227560453495677,
          0.928894414587576,
          0.9286372667855749,
          0.928473076265059,
          0.9286218528347236,
          0.9286545169993848,
          0.9291824066977037,
          0.9275427788653923,
          0.9282832854802482,
          0.9282758887888205,
          0.9287257535867484,
          0.9286635646628681,
          0.0,
          0.9290985597150121,
          0.9286362640459125,
          0.9291989798999244,
          0.9286628599453852,
          0.9286628585467432,
          0.9286529134799281,
          0.9285206303968015,
          0.92885388057869,
          0.9286677093219585,
          0.9286699554384534,
          0.9285028365596305,
          0.9284563222520887,
          1.3812932035020031
        ],
        [
          0.9291613906403277,
          0.9299908807281385,
          0.9262588535958389,
          0.9295983681035526,
          0.9292089252390047,
          0.9289271141927098,
          0.92889699923672,
          1.4041281873695803,
          0.9295501758723034,
          1.3909851640691397,
          0.9299635379230073,
          1.2048715785732331,
          0.9290163021180069,
          0.9290985597150121,
          0.9290985597150121,
          0.0,
          0.9296658113255726,
          0.9296619324701602,
          0.9289912831008356,
          0.9289912817165508,
          0.9289625696267397,
          0.9295119927336978,
          0.9292570654035341,
          0.9291023652055252,
          0.9291774547962377,
          0.9299172871188506,
          0.9298781826739769,
          1.2120643588018292
        ],
        [
          0.9286503778059562,
          0.9287479821008022,
          1.3086793635259866,
          0.9292729889133626,
          0.9287078580780704,
          2.3214972414560298,
          0.9287874370375433,
          0.9287211178300404,
          0.9295799201248012,
          2.3621122415440086,
          0.9292520317343306,
          0.9288579303533735,
          1.0686455651391766,
          0.9286362640459125,
          0.9286362640459125,
          0.9296658113255726,
          0.0,
          0.9295425200795427,
          0.9286712633203345,
          0.9286712598982156,
          0.9287175823659501,
          1.0068754526475756,
          0.9289779889811176,
          0.9286504112953181,
          0.9287075287812536,
          0.9287560383592002,
          0.9287758618172682,
          3.2106064986193554
        ],
        [
          0.9292224278160655,
          0.9297036882284876,
          1.6224934694201034,
          0.9297263224519156,
          0.9293934400185381,
          0.9290726638689553,
          0.9297529406544365,
          0.9292146228598043,
          1.6645919749728018,
          0.9312530987301813,
          0.9295156074766872,
          0.9311261599870312,
          0.929745750779505,
          0.9291989798999247,
          0.9291989798999244,
          0.9296619324701602,
          0.9295425200795427,
          0.0,
          0.9293491603043471,
          0.9293491542739629,
          0.9295049591541946,
          0.9505345903024053,
          1.2449212987435139,
          0.9292041553811989,
          0.9292400331874842,
          0.9384044682565075,
          0.9297517545829109,
          1.6282303487610112
        ],
        [
          0.9286530881963765,
          0.9284231397408323,
          1.3837026516332314,
          0.9288310690506715,
          0.9286340156794729,
          0.9284412351638802,
          0.928621272030056,
          0.9286449029785154,
          0.9292335317958627,
          0.9274746928923168,
          0.928231030817491,
          0.928181378314295,
          0.9287859140182608,
          0.9286628599453852,
          0.9286628599453852,
          0.9289912831008356,
          0.9286712633203345,
          0.9293491603043471,
          0.0,
          0.9286622027923799,
          0.9286519205973491,
          0.9284999710503619,
          0.9289695238546093,
          0.9286648554797412,
          0.9286629442871087,
          0.9284919124685586,
          0.9284456307589208,
          0.9206919579043197
        ],
        [
          0.9286530868840768,
          0.9284231385655359,
          1.3836969659018388,
          0.9288310664532301,
          0.9286340116485491,
          0.9284412333619271,
          0.9286212397695609,
          0.9286449013709211,
          0.9292335181178534,
          0.9274746902499363,
          0.928231029109975,
          0.9281813395213929,
          0.9287858967681563,
          0.9286628585467432,
          0.9286628585467432,
          0.9289912817165508,
          0.9286712598982156,
          0.9293491542739629,
          0.9286622027923799,
          0.0,
          0.9286519096342881,
          0.9284999683043144,
          0.9289695156933272,
          0.9286648540807995,
          0.9286629429757332,
          0.9284919113570153,
          0.9284456278284178,
          0.9206911086707251
        ],
        [
          0.9286447601008014,
          0.9284351268118324,
          1.8457175190628514,
          0.9288368992711558,
          0.9286281750775298,
          0.9284550526795516,
          0.9286175516683466,
          0.9286362493662629,
          0.9293228137649155,
          0.927548157496045,
          0.9282673601763626,
          0.9282112354525525,
          0.928826483820922,
          0.9286529134799281,
          0.9286529134799281,
          0.9289625696267397,
          0.9287175823659501,
          0.9295049591541946,
          0.9286519205973491,
          0.9286519096342881,
          0.0,
          0.9285242919894857,
          0.9290537419183488,
          0.9286548082426193,
          0.9286540161620194,
          0.9284989860273765,
          0.9284579207677227,
          0.9212901626781533
        ],
        [
          0.9285608691187377,
          0.9289679577096251,
          1.1457782363641964,
          0.9296594246126857,
          0.9286494499332184,
          0.9287390291117339,
          0.9285607714799048,
          0.9285667327983069,
          0.9527863988617217,
          0.9301656152037256,
          0.9291920179938834,
          0.9292987131615155,
          0.928651335567681,
          0.9285206303968017,
          0.9285206303968015,
          0.9295119927336978,
          1.0068754526475756,
          0.9505345903024053,
          0.9284999710503619,
          0.9284999683043144,
          0.9285242919894857,
          0.0,
          0.9288486135880609,
          0.9285631799719153,
          0.9286476588544614,
          0.9289200371761169,
          0.9401473696616439,
          6.382650445720854
        ],
        [
          0.9288374905730845,
          0.9287543616380473,
          1.7266453238655732,
          0.9291639055350703,
          0.9289027968386758,
          0.9286940948260248,
          0.9291839362253187,
          0.9288525356410343,
          0.9302834674515733,
          0.9281323306158943,
          0.9286571205679647,
          0.9288578194536558,
          0.9292678458983373,
          0.92885388057869,
          0.92885388057869,
          0.9292570654035341,
          0.9289779889811176,
          1.2449212987435139,
          0.9289695238546093,
          0.9289695156933272,
          0.9290537419183488,
          0.9288486135880609,
          0.0,
          0.9288577684028264,
          0.928851818844296,
          0.928759546850127,
          0.9287980627012012,
          1.3904884226987138
        ],
        [
          0.9286607639818589,
          0.928560572446848,
          0.9228432680571136,
          0.9289122992564557,
          0.9286462919425329,
          0.9284789035877861,
          0.9286235811577408,
          0.928658861925916,
          0.929187127810225,
          0.9277871933136389,
          0.9283856995635895,
          0.928289523079784,
          0.9287275855066238,
          0.9286677093219585,
          0.9286677093219585,
          0.9291023652055252,
          0.9286504112953181,
          0.9292041553811989,
          0.9286648554797412,
          0.9286648540807995,
          0.9286548082426193,
          0.9285631799719153,
          0.9288577684028264,
          0.0,
          0.9286765427249594,
          0.928586154491353,
          0.9285602508828156,
          1.3838976736264494
        ],
        [
          0.9286679726845722,
          0.9286829420802738,
          0.92347553633802,
          0.929001662431589,
          0.9286604610415639,
          0.9285311278692432,
          0.9286259562516631,
          0.9286696279288849,
          0.9292401571862245,
          0.9632023847930464,
          0.9303247269992749,
          0.9284140433150702,
          0.9287214476358313,
          0.9286699554384534,
          0.9286699554384534,
          0.9291774547962377,
          0.9287075287812536,
          0.9292400331874842,
          0.9286629442871087,
          0.9286629429757332,
          0.9286540161620194,
          0.9286476588544614,
          0.928851818844296,
          0.9286765427249594,
          0.0,
          0.9286985790518452,
          0.928667535907615,
          1.824951129917394
        ],
        [
          0.928518422201461,
          0.9286103481142728,
          0.9268109618623541,
          0.929988131783264,
          0.9287277198722671,
          0.9287842656280052,
          0.928506196023212,
          0.9285720784962753,
          0.9296840304045578,
          0.9369602086813301,
          0.9291204494016521,
          0.9293598417669829,
          0.9285549092854777,
          0.9285028365596305,
          0.9285028365596305,
          0.9299172871188506,
          0.9287560383592002,
          0.9384044682565075,
          0.9284919124685586,
          0.9284919113570153,
          0.9284989860273765,
          0.9289200371761169,
          0.928759546850127,
          0.928586154491353,
          0.9286985790518452,
          0.0,
          0.9286569709453704,
          9.312422222688353
        ],
        [
          0.928476000617715,
          0.928584626296076,
          1.3919622962214782,
          0.9302835395052389,
          0.9285674023603863,
          0.9288208384758142,
          0.9284769249529609,
          0.9285333084626641,
          0.9299075065507735,
          0.9492112568066232,
          0.9292157053767317,
          0.9297774965926499,
          0.928544707124202,
          0.9284563222520887,
          0.9284563222520887,
          0.9298781826739769,
          0.9287758618172682,
          0.9297517545829109,
          0.9284456307589208,
          0.9284456278284178,
          0.9284579207677227,
          0.9401473696616439,
          0.9287980627012012,
          0.9285602508828156,
          0.928667535907615,
          0.9286569709453704,
          0.0,
          10.761706940457048
        ],
        [
          1.8431764403975157,
          12.042430329928946,
          12.517786476897122,
          3.715604141798632,
          2.311158854001734,
          1.5522850344297117,
          0.9224645886113417,
          1.39845420400413,
          1.3756095703753035,
          17.844704164485076,
          10.654997424260465,
          3.2654405892461655,
          0.9237071134227682,
          1.3812932035020031,
          1.3812932035020031,
          1.2120643588018292,
          3.2106064986193554,
          1.6282303487610112,
          0.9206919579043197,
          0.9206911086707251,
          0.9212901626781533,
          6.382650445720854,
          1.3904884226987138,
          1.3838976736264494,
          1.824951129917394,
          9.312422222688353,
          10.761706940457048,
          0.0
        ]
      ]
    }
  },
  "nodes": {
    "NODE_0000000": {
      "region": "North America",
      "region_confidence": {
        "North America": 0.7578948440410471,
        "South America": 0.09336375564472549,
        "Africa": 0.0720627571967533,
        "Europe": 0.018140988851287548,
        "Arctic": 0.016435928784209294,
        "Caribbean": 0.015479165467618013,
        "Asia": 0.011880999281073409,
        "North American": 0.007419173467746464,
        "Hawaii": 0.002717152090687113,
        "Central America": 0.0026587942722301324,
        "South American": 0.0019464409026221062
      },
      "region_entropy": 0.9588252302274074,
      "country": "USA",
      "country_confidence": {
        "USA": 0.6724146339455976,
        "Ethiopia": 0.07307088335567298,
        "Brazil": 0.056687876540577754,
        "Canada": 0.049670975234958475,
        "Egypt": 0.04396369475703099,
        "Austria": 0.020650402126116487,
        "Turkey": 0.017465255400555175,
        "Svalbard": 0.013842434662660844,
        "Portugal": 0.008209233744003619,
        "Mexico": 0.004497526071674903,
        "China": 0.004182436836280749,
        "Grenada": 0.004033076776962379,
        "Chile": 0.0028196407776599768,
        "Argentina": 0.0023587657716803196,
        "St. Kitts": 0.0023490109059989216,
        "Nicaragua": 0.002264364019397817,
        "Puerto Rico": 0.0020722738966255758,
        "Congo": 0.0020273111824636197,
        "Costa Rica": 0.0019815461256315957,
        "Sri Lanka": 0.0019446522706085387,
        "Israel": 0.0019424886077930275,
        "Kenya": 0.0019424886077930275,
        "Mali": 0.0018617223725288384,
        "Colombia": 0.0015632546452480135,
        "Poland": 0.001549726620843816,
        "Peru": 0.001545736535938894,
        "Plateau": 0.0015457363385666288,
        "Guyana": 0.001542851869129366
      },
      "country_entropy": 1.420941182549265
    },
    "NODE_0000001": {
      "region": "North America",
      "region_confidence": {
        "North America": 0.9923644401023946,
        "Africa": 0.004062461595891598,
        "South America": 0.002464686770570477
      },
      "region_entropy": 0.05419197477669059,
      "country": "USA",
      "country_confidence": {
        "USA": 0.7485833396046837,
        "Canada": 0.2161610751059422,
        "Egypt": 0.006990431012478347,
        "Ethiopia": 0.006098668287776612,
        "Brazil": 0.004792535659504661,
        "Austria": 0.003642602851031461,
        "Turkey": 0.0030981409824140157,
        "Svalbard": 0.0025190835936985605,
        "Portugal": 0.001525859479941381
      },
      "country_entropy": 0.7544951679107452
    },
    "TgCgCa2(nd)": {
      "region": "North America",
      "region_confidence": {
        "North America": 1.0
      },
      "region_entropy": -1.000088900581841e-12,
      "country": "Canada",
      "country_confidence": {
        "Canada": 1.0
      },
      "country_entropy": -1.000088900581841e-12
    },
    "TgFpCA1": {
      "region": "North America",
      "region_confidence": {
        "North America": 1.0
      },
      "region_entropy": -1.000088900581841e-12,
      "country": "USA",
      "country_confidence": {
        "USA": 0.9999999999999999
      },
      "country_entropy": -9.99866855976916e-13
    },
    "NODE_0000002": {
      "region": "North America",
      "region_confidence": {
        "North America": 0.7891868463254282,
        "South America": 0.09189252846233624,
        "Africa": 0.07214221674781025,
        "Europe": 0.01159294725273923,
        "Caribbean": 0.010181222344739128,
        "Arctic": 0.009374701917735843,
        "Asia": 0.008880234131877444,
        "North American": 0.0037303667234668022,
        "Hawaii": 0.001139994109219388,
        "Central America": 0.0011187596236322298
      },
      "region_entropy": 0.8216212089520462,
      "country": "USA",
      "country_confidence": {
        "USA": 0.7577850899788443,
        "Ethiopia": 0.07492996583403735,
        "Brazil": 0.06016500295944279,
        "Egypt": 0.03250992124799397,
        "Canada": 0.019190193422009814,
        "Austria": 0.01319804153073389,
        "Turkey": 0.010922852089110799,
        "Svalbard": 0.00818902565925913,
        "Portugal": 0.004349530340305504,
        "China": 0.0031670171183778885,
        "Mexico": 0.002102764095187144,
        "Grenada": 0.001944148628153523,
        "Chile": 0.0011391149096553112
      },
      "country_entropy": 1.0567237460472663
    },
    "NODE_0000003": {
      "region": "North America",
      "region_confidence": {
        "North America": 0.9591767046794583,
        "Africa": 0.020976624160689707,
        "Caribbean": 0.01231797498493465,
        "South America": 0.00595784295803933
      },
      "region_entropy": 0.21825982209110595,
      "country": "USA",
      "country_confidence": {
        "USA": 0.9913863464419193,
        "Egypt": 0.0021045118425679493,
        "Brazil": 0.0017926771966627613,
        "Ethiopia": 0.001635403796166978
      },
      "country_entropy": 0.06758298117379852
    },
    "TgPgUs11(0)": {
      "region": "North America",
      "region_confidence": {
        "North America": 1.0
      },
      "region_entropy": -1.000088900581841e-12,
      "country": "USA",
      "country_confidence": {
        "USA": 0.9999999999999999
      },
      "country_entropy": -9.99866855976916e-13
    },
    "NODE_0000004": {
      "region": "North America",
      "region_confidence": {
        "North America": 0.8933655606047223,
        "Caribbean": 0.04982079798566372,
        "Africa": 0.04942768600872336,
        "South America": 0.005500953005510253
      },
      "region_entropy": 0.44211194533194487,
      "country": "USA",
      "country_confidence": {
        "USA": 0.9845927246117384,
        "Puerto Rico": 0.006106948244581303,
        "Egypt": 0.00236428813609735,
        "Brazil": 0.0018932260431748758,
        "Ethiopia": 0.0012912948431415443,
        "Austria": 0.0010324122919226186
      },
      "country_entropy": 0.11037019369510279
    },
    "NODE_0000005": {
      "region": "Caribbean",
      "region_confidence": {
        "Caribbean": 0.9807805711609325,
        "North America": 0.01777527776539197
      },
      "region_entropy": 0.10179947465217644,
      "country": "Puerto Rico",
      "country_confidence": {
        "Puerto Rico": 0.9934405663451452,
        "USA": 0.005311378058765109
      },
      "country_entropy": 0.046405284116965026
    },
    "TgCatPr5(100)": {
      "region": "Caribbean",
      "region_confidence": {
        "Caribbean": 0.9999999999999999
      },
      "region_entropy": -9.99866855976916e-13,
      "country": "Puerto Rico",
      "country_confidence": {
        "Puerto Rico": 0.9999999999999999
      },
      "country_entropy": -9.99866855976916e-13
    },
    "TgCatPr7(100)": {
      "region": "Caribbean",
      "region_confidence": {
        "Caribbean": 0.9999999999999999
      },
      "region_entropy": -9.99866855976916e-13,
      "country": "Puerto Rico",
      "country_confidence": {
        "Puerto Rico": 0.9999999999999999
      },
      "country_entropy": -9.99866855976916e-13
    },
    "NODE_0000006": {
      "region": "North America",
      "region_confidence": {
        "North America": 0.8499388156137531,
        "Africa": 0.14418465389073723,
        "Caribbean": 0.003681249072641664,
        "South America": 0.001015054710501126
      },
      "region_entropy": 0.4545948320346502,
      "country": "USA",
      "country_confidence": {
        "USA": 0.9994061275994439
      },
      "country_entropy": 0.006173985182323206
    },
    "NODE_0000007": {
      "region": "North America",
      "region_confidence": {
        "North America": 0.997613779398981,
        "Africa": 0.00235131529348075
      },
      "region_entropy": 0.01700245722681487,
      "country": "USA",
      "country_confidence": {
        "USA": 0.999991595745411
      },
      "country_entropy": 0.00011885411393372117
    },
    "NODE_0000023": {
      "region": "North America",
      "region_confidence": {
        "North America": 0.998628404618883,
        "Africa": 0.0010666239595329802
      },
      "region_entropy": 0.01141544052053493,
      "country": "USA",
      "country_confidence": {
        "USA": 0.9997856457849149
      },
      "country_entropy": 0.002413408838164681
    },
    "NODE_0000024": {
      "region": "North America",
      "region_confidence": {
        "North America": 0.999878558540759
      },
      "region_entropy": 0.0012752284275691212,
      "country": "USA",
      "country_confidence": {
        "USA": 0.9999928374970218
      },
      "country_entropy": 0.00010263629777604691
    },
    "TgFpFL1": {
      "region": "North America",
      "region_confidence": {
        "North America": 1.0
      },
      "region_entropy": -1.000088900581841e-12,
      "country": "USA",
      "country_confidence": {
        "USA": 1.0
      },
      "country_entropy": -1.000088900581841e-12
    },
    "TgFpAR5": {
      "region": "North America",
      "region_confidence": {
        "North America": 1.0
      },
      "region_entropy": -1.000088900581841e-12,
      "country": "USA",
      "country_confidence": {
        "USA": 1.0
      },
      "country_entropy": -1.000088900581841e-12
    },
    "TgWTDNJ3": {
      "region": "North America",
      "region_confidence": {
        "North America": 1.0
      },
      "region_entropy": -1.000088900581841e-12,
      "country": "USA",
      "country_confidence": {
        "USA": 1.0
      },
      "country_entropy": -1.000088900581841e-12
    },
    "NODE_0000010": {
      "region": "North America",
      "region_confidence": {
        "North America": 0.9987567791774056
      },
      "region_entropy": 0.010550879348331519,
      "country": "USA",
      "country_confidence": {
        "USA": 0.9997775434658083
      },
      "country_entropy": 0.002494396533752174
    },
    "TgSoUs2(0)": {
      "region": "North America",
      "region_confidence": {
        "North America": 0.9999999999999999
      },
      "region_entropy": -9.99866855976916e-13,
      "country": "USA",
      "country_confidence": {
        "USA": 1.0
      },
      "country_entropy": -1.000088900581841e-12
    },
    "NODE_0000011": {
      "region": "North America",
      "region_confidence": {
        "North America": 0.9987801210711278
      },
      "region_entropy": 0.010386314995976503,
      "country": "USA",
      "country_confidence": {
        "USA": 0.9997775739125254
