{
  "models": {
    "region": {
      "rate": 181.7341526588096,
      "alphabet": [
        "Africa",
        "Asia",
        "Caribbean",
        "Europe",
        "North America",
        "South America",
        "?"
      ],
      "equilibrium_probabilities": [
        0.192748710598344,
        0.1980322822349126,
        0.18396112293646152,
        0.1411366331934688,
        0.14082811210243276,
        0.14329313893438037
      ],
      "transition_matrix": [
        [
          0.0,
          1.6756880237461291,
          1.0567409915222388,
          1.7292792058200275,
          1.266138961429955,
          0.8198064052641082
        ],
        [
          1.6756880237461291,
          0.0,
          1.880075159946004,
          0.8770986568247935,
          0.8187026308366377,
          0.8254325989034635
        ],
        [
          1.0567409915222388,
          1.880075159946004,
          0.0,
          1.487039456887183,
          0.8203148883617428,
          1.7235646988713842
        ],
        [
          1.7292792058200275,
          0.8770986568247935,
          1.487039456887183,
          0.0,
          0.8220491227745743,
          0.8467485941195836
        ],
        [
          1.266138961429955,
          0.8187026308366377,
          0.8203148883617428,
          0.8220491227745743,
          0.0,
          0.8173428037299256
        ],
        [
          0.8198064052641082,
          0.8254325989034635,
          1.7235646988713842,
          0.8467485941195836,
          0.8173428037299256,
          0.0
        ]
      ]
    },
    "country": {
      "rate": 9.28229993628472,
      "alphabet": [
        "Austria",
        "Barbados",
        "Brazil",
        "China",
        "Ethiopia",
        "France ",
        "French Guiana",
        "Gabon",
        "Guadeloupe",
        "Portugal",
        "Puerto Rico",
        "Suriname",
        "Turkey",
        "USA",
        "?"
      ],
      "equilibrium_probabilities": [
        0.08267429071928807,
        0.06951168225954298,
        0.06805611954856282,
        0.07008438456566461,
        0.06814051471699667,
        0.06811569252484759,
        0.06927312885892815,
        0.07291175538404354,
        0.07488097886106147,
        0.07336029185584805,
        0.06798020718111134,
        0.07281472260889806,
        0.06938541716859514,
        0.0728108137466115
      ],
      "transition_matrix": [
        [
          0.0,
          1.0253860442945733,
          1.0256357377305927,
          1.024783170150287,
          1.025817908663125,
          1.0261521177223798,
          1.0261175309628334,
          1.0247920353368098,
          1.0248307764052265,
          2.562307101127506,
          1.02551841501247,
          1.0245905090476315,
          1.0261127659201699,
          1.0245914799461033
        ],
        [
          1.0253860442945733,
          0.0,
          1.0365923922217672,
          1.129331431177937,
          1.026326407572073,
          1.0265857501864553,
          1.037046957311627,
          1.0301143400115162,
          1.1387150727503885,
          1.0304799003932594,
          1.0332795932266587,
          1.0253044577807409,
          1.050769155839588,
          1.0252772112706718
        ],
        [
          1.0256357377305927,
          1.0365923922217672,
          0.0,
          1.0290128576896742,
          1.0264928243867728,
          1.0267670386256138,
          1.1403472479939747,
          1.0257271613783432,
          1.2819630472684478,
          1.0267329016688669,
          1.0262693673329366,
          1.279541091359296,
          1.0463944340656524,
          1.0255420656105627
        ],
        [
          1.024783170150287,
          1.129331431177937,
          1.0290128576896742,
          0.0,
          1.027281364428981,
          1.026108139278375,
          1.029435178045635,
          1.0263145810988759,
          1.3074726449428289,
          1.0271664672929643,
          1.0277152498099558,
          1.0247867367291787,
          1.0331980143067476,
          1.0247794070446747
        ],
        [
          1.025817908663125,
          1.026326407572073,
          1.0264928243867728,
          1.027281364428981,
          0.0,
          1.027925839967999,
          1.0269091326482702,
          1.0258714968703757,
          1.025981710900338,
          1.0268968676921257,
          1.0263943019213588,
          1.0257017040909724,
          1.026855535489846,
          1.5372322607030982
        ],
        [
          1.0261521177223798,
          1.0265857501864553,
          1.0267670386256138,
          1.026108139278375,
          1.027925839967999,
          0.0,
          1.02718838200573,
          1.5378093107364283,
          1.0262368031936921,
          1.0274166817292314,
          1.026668466271301,
          1.0259949604906142,
          1.0272322157535179,
          1.02599969584131
        ],
        [
          1.0261175309628334,
          1.037046957311627,
          1.1403472479939747,
          1.029435178045635,
          1.0269091326482702,
          1.02718838200573,
          0.0,
          1.0261582342954705,
          1.2860216852407258,
          1.0271854585350968,
          1.0266846587170326,
          1.2815888729339417,
          1.0468965570357855,
          1.0259666925864075
        ],
        [
          1.0247920353368098,
          1.0301143400115162,
          1.0257271613783432,
          1.0263145810988759,
          1.0258714968703757,
          1.5378093107364283,
          1.0261582342954705,
          0.0,
          1.0263933057783827,
          1.0260797501591572,
          1.0256307422261968,
          1.0248036720433187,
          1.085261188410443,
          1.0248007516455355
        ],
        [
          1.0248307764052265,
          1.1387150727503885,
          1.2819630472684478,
          1.3074726449428289,
          1.025981710900338,
          1.0262368031936921,
          1.2860216852407258,
          1.0263933057783827,
          0.0,
          1.0273120412019672,
          1.0278443488809013,
          1.0280305743759388,
          1.0347757796199037,
          1.0248209288688066
        ],
        [
          2.562307101127506,
          1.0304799003932594,
          1.0267329016688669,
          1.0271664672929643,
          1.0268968676921257,
          1.0274166817292314,
          1.0271854585350968,
          1.0260797501591572,
          1.0273120412019672,
          0.0,
          1.026679728941378,
          1.0258910422737735,
          1.0351968348923424,
          1.0258885317757096
        ],
        [
          1.02551841501247,
          1.0332795932266587,
          1.0262693673329366,
          1.0277152498099558,
          1.0263943019213588,
          1.026668466271301,
          1.0266846587170326,
          1.0256307422261968,
          1.0278443488809013,
          1.026679728941378,
          0.0,
          1.0254439072089987,
          1.0412443715884883,
          1.0254381733631381
        ],
        [
          1.0245905090476315,
          1.0253044577807409,
          1.279541091359296,
          1.0247867367291787,
          1.0257017040909724,
          1.0259949604906142,
          1.2815888729339417,
          1.0248036720433187,
          1.0280305743759388,
          1.0258910422737735,
          1.0254439072089987,
          0.0,
          1.0259291983125653,
          1.024623257676001
        ],
        [
          1.0261127659201699,
          1.050769155839588,
          1.0463944340656524,
          1.0331980143067476,
          1.026855535489846,
          1.0272322157535179,
          1.0468965570357855,
          1.085261188410443,
          1.0347757796199037,
          1.0351968348923424,
          1.0412443715884883,
          1.0259291983125653,
          0.0,
          1.0258867699375949
        ],
        [
          1.0245914799461033,
          1.0252772112706718,
          1.0255420656105627,
          1.0247794070446747,
          1.5372322607030982,
          1.02599969584131,
          1.0259666925864075,
          1.0248007516455355,
          1.0248209288688066,
          1.0258885317757096,
          1.0254381733631381,
          1.024623257676001,
          1.0258867699375949,
          0.0
        ]
      ]
    }
  },
  "nodes": {
    "NODE_0000000": {
      "region": "Caribbean",
      "region_confidence": {
        "Caribbean": 0.5047784983117747,
        "Europe": 0.26392309682020837,
        "Asia": 0.09043429326008247,
        "South America": 0.07358001168344942,
        "Africa": 0.0534425048551369,
        "North America": 0.013841595069348329
      },
      "region_entropy": 1.321763850680703,
      "country": "Portugal",
      "country_confidence": {
        "Portugal": 0.38846238694153495,
        "Puerto Rico": 0.23679158405279893,
        "Turkey": 0.0915592220951034,
        "Brazil": 0.07696130284784955,
        "French Guiana": 0.07626825330249246,
        "Barbados": 0.04514357331809076,
        "Gabon": 0.03732220745719864,
        "Guadeloupe": 0.02562324465434841,
        "China": 0.015696703107931937,
        "Austria": 0.00281179803390118
      },
      "country_entropy": 1.7829366476096857
    },
    "NODE_0000016": {
      "region": "Caribbean",
      "region_confidence": {
        "Caribbean": 0.7191876465100883,
        "Asia": 0.09316176008733236,
        "South America": 0.08115768410844185,
        "Europe": 0.07312683059784003,
        "Africa": 0.029237128524213653,
        "North America": 0.004128950172083713
      },
      "region_entropy": 0.9792052331615004,
      "country": "Puerto Rico",
      "country_confidence": {
        "Puerto Rico": 0.3171047228340497,
        "Portugal": 0.18828912978891021,
        "Turkey": 0.122272792674197,
        "Brazil": 0.10273772013138292,
        "French Guiana": 0.1017977712879943,
        "Barbados": 0.06001512595843961,
        "Gabon": 0.049511486365472146,
        "Guadeloupe": 0.03376321508770232,
        "China": 0.020505812381237016,
        "Austria": 0.0017306374522638554
      },
      "country_entropy": 1.9416467200460386
    },
    "NODE_0000017": {
      "region": "Caribbean",
      "region_confidence": {
        "Caribbean": 0.9904077243127237,
        "Asia": 0.0036730134824728977,
        "South America": 0.002752264993096176,
        "Europe": 0.0020380824541988323
      },
      "region_entropy": 0.06721850264638235,
      "country": "Puerto Rico",
      "country_confidence": {
        "Puerto Rico": 0.9998120006033696
      },
      "country_entropy": 0.0021717176875140115
    },
    "TgCatPr06": {
      "region": "Caribbean",
      "region_confidence": {
        "Caribbean": 1.0
      },
      "region_entropy": -1.000088900581841e-12,
      "country": "Puerto Rico",
      "country_confidence": {
        "Puerto Rico": 1.0
      },
      "country_entropy": -1.000088900581841e-12
    },
    "TgCatPr08": {
      "region": "Caribbean",
      "region_confidence": {
        "Caribbean": 1.0
      },
      "region_entropy": -1.000088900581841e-12,
      "country": "Puerto Rico",
      "country_confidence": {
        "Puerto Rico": 1.0
      },
      "country_entropy": -1.000088900581841e-12
    },
    "NODE_0000006": {
      "region": "Caribbean",
      "region_confidence": {
        "Caribbean": 0.6671802144994462,
        "Asia": 0.1442970147777536,
        "South America": 0.1311678875454868,
        "Africa": 0.03090075222934306,
        "Europe": 0.024623057985288924,
        "North America": 0.0018310729626813801
      },
      "region_entropy": 1.025972510004813,
      "country": "Turkey",
      "country_confidence": {
        "Turkey": 0.2028403599022167,
        "Brazil": 0.17112357269437137,
        "French Guiana": 0.169514381411469,
        "Puerto Rico": 0.1149855403640495,
        "Barbados": 0.09951148087728043,
        "Gabon": 0.08217398141979293,
        "Portugal": 0.0680569723016423,
        "Guadeloupe": 0.055746479612059,
        "China": 0.033684664345842844
      },
      "country_entropy": 2.0861704571460615
    },
    "NODE_0000004": {
      "region": "Asia",
      "region_confidence": {
        "Asia": 0.5537843857328159,
        "Caribbean": 0.24148178165698844,
        "Africa": 0.14052895229413048,
        "South America": 0.041115416717404554,
        "Europe": 0.018013112255590092,
        "North America": 0.005076351343070625
      },
      "region_entropy": 1.1765637510047466,
      "country": "Turkey",
      "country_confidence": {
        "Turkey": 0.5039311285958371,
        "Gabon": 0.20886750507117796,
        "Brazil": 0.06833165173446547,
        "French Guiana": 0.06771203814542981,
        "Puerto Rico": 0.04594634272419034,
        "Barbados": 0.0399291103036912,
        "Portugal": 0.02722864890073843,
        "Guadeloupe": 0.02238706422475586,
        "China": 0.013583358804191242
      },
      "country_entropy": 1.5659671030009066
    },
    "Ankara-TgH102001": {
      "region": "Asia",
      "region_confidence": {
        "Asia": 1.0
      },
      "region_entropy": -1.000088900581841e-12,
      "country": "Turkey",
      "country_confidence": {
        "Turkey": 1.0
      },
      "country_entropy": -1.000088900581841e-12
    },
    "NODE_0000005": {
      "region": "Africa",
      "region_confidence": {
        "Africa": 0.9752909743663917,
        "Asia": 0.015401800957835806,
        "Caribbean": 0.004680649741787328,
        "Europe": 0.0025289713558538053,
        "South America": 0.001050810260879792,
        "North America": 0.0010467933172516029
      },
      "region_entropy": 0.14329847840611853,
      "country": "Gabon",
      "country_confidence": {
        "Gabon": 0.9997500407515544
      },
      "country_entropy": 0.002665044787348511
    },
    "GAB3-GAL-DOM02-TgA105001": {
      "region": "Africa",
      "region_confidence": {
        "Africa": 1.0
      },
      "region_entropy": -1.000088900581841e-12,
      "country": "Gabon",
      "country_confidence": {
        "Gabon": 0.9999999999999999
      },
      "country_entropy": -9.99866855976916e-13
    },
    "GAB3-GAL-DOM11-TgA105043": {
      "region": "Africa",
      "region_confidence": {
        "Africa": 1.0
      },
      "region_entropy": -1.000088900581841e-12,
      "country": "Gabon",
      "country_confidence": {
        "Gabon": 0.9999999999999999
      },
      "country_entropy": -9.99866855976916e-13
    },
    "NODE_0000001": {
      "region": "Caribbean",
      "region_confidence": {
        "Caribbean": 0.9288786435551358,
        "Asia": 0.058245476990423206,
        "South America": 0.007471580792018025,
        "Africa": 0.002748558931371468,
        "Europe": 0.002202082147498007
      },
      "region_entropy": 0.30388563281681374,
      "country": "Barbados",
      "country_confidence": {
        "Barbados": 0.4785040411400908,
        "Guadeloupe": 0.19971714784979477,
        "China": 0.1638438541827018,
        "Turkey": 0.03805332632397055,
        "Brazil": 0.03446525691458665,
        "French Guiana": 0.034196796181307165,
        "Puerto Rico": 0.021451285484783977,
        "Gabon": 0.01536665476221363,
        "Portugal": 0.012751929273736869
      },
      "country_entropy": 1.5420779945838328
    },
    "ENVL-2002-MAC": {
      "region": "Caribbean",
      "region_confidence": {
        "Caribbean": 1.0
      },
      "region_entropy": -1.000088900581841e-12,
      "country": "Barbados",
      "country_confidence": {
        "Barbados": 1.0
      },
      "country_entropy": -1.000088900581841e-12
    },
    "NODE_0000008": {
      "region": "Caribbean",
      "region_confidence": {
        "Caribbean": 0.8758622852639079,
        "Asia": 0.11670767042157325,
        "South America": 0.003124912537057806,
        "Africa": 0.002254353768256304,
        "Europe": 0.0015970235233777807
      },
      "region_entropy": 0.41233298959890063,
      "country": "Guadeloupe",
      "country_confidence": {
        "Guadeloupe": 0.425241660668528,
        "China": 0.38289622721598676,
        "Barbados": 0.14457858228130227,
        "Turkey": 0.010872506911936744,
        "Brazil": 0.010583658292394807,
        "French Guiana": 0.010516923882301734,
        "Puerto Rico": 0.006146420350026561,
        "Gabon": 0.004434442350781361,
        "Portugal": 0.003698977650392752
      },
      "country_entropy": 1.2407824557691005
    },
    "TgCatCHn01": {
      "region": "Asia",
      "region_confidence": {
        "Asia": 1.0
      },
      "region_entropy": -1.000088900581841e-12,
      "country": "China",
      "country_confidence": {
        "China": 1.0
      },
      "country_entropy": -1.000088900581841e-12
    },
    "TgH40002": {
      "region": "Caribbean",
      "region_confidence": {
        "Caribbean": 1.0
      },
      "region_entropy": -1.000088900581841e-12,
      "country": "Guadeloupe",
      "country_confidence": {
        "Guadeloupe": 1.0
      },
      "country_entropy": -1.000088900581841e-12
    },
    "NODE_0000007": {
      "region": "South America",
      "region_confidence": {
        "South America": 0.998830003946744,
        "Caribbean": 0.0010450614673045149
      },
      "region_entropy": 0.009605284381667563,
      "country": "Brazil",
      "country_confidence": {
        "Brazil": 0.49534377815002145,
        "French Guiana": 0.48998027998558047,
        "Guadeloupe": 0.013734177605376105
      },
      "country_entropy": 0.7645591303301226
    },
    "NODE_0000011": {
      "region": "South America",
      "region_confidence": {
        "South America": 0.9997682342040373
      },
      "region_entropy": 0.002401583478974487,
      "country": "Brazil",
      "country_confidence": {
        "Brazil": 0.9996311679255573
      },
      "country_entropy": 0.0033608709912885328
    },
    "TgCatBr60": {
      "region": "South America",
      "region_confidence": {
        "South America": 0.9999999999999999
      },
      "region_entropy": -9.99866855976916e-13,
      "country": "Brazil",
      "country_confidence": {
        "Brazil": 1.0
      },
      "country_entropy": -1.000088900581841e-12
    },
    "TgCpBr18": {
      "region": "South America",
      "region_confidence": {
        "South America": 0.9999999999999999
      },
      "region_entropy": -9.99866855976916e-13,
      "country": "Brazil",
      "country_confidence": {
        "Brazil": 1.0
      },
      "country_entropy": -1.000088900581841e-12
    },
    "NODE_0000013": {
      "region": "South America",
      "region_confidence": {
        "South America": 0.9997588527038115
      },
      "region_entropy": 0.002487582522222043,
      "country": "French Guiana",
      "country_confidence": {
        "French Guiana": 0.9996202855781352
      },
      "country_entropy": 0.00344866728987721
    },
    "TgH00009": {
      "region": "South America",
      "region_confidence": {
        "South America": 1.0
      },
      "region_entropy": -1.000088900581841e-12,
      "country": "French Guiana",
      "country_confidence": {
        "French Guiana": 0.9999999999999999
      },
      "country_entropy": -9.99866855976916e-13
    },
    "NODE_0000014": {
      "region": "South America",
      "region_confidence": {
        "South America": 0.9998077690705256
      },
      "region_entropy": 0.0020461426367482578,
      "country": "French Guiana",
      "country_confidence": {
        "French Guiana": 0.9999997128283139
      },
      "country_entropy": 4.712114289137697e-06
    },
    "GUY-CAN-FAM-07-TgA18006": {
      "region": "South America",
      "region_confidence": {
        "South America": 1.0
      },
      "region_entropy": -1.000088900581841e-12,
      "country": "French Guiana",
      "country_confidence": {
        "French Guiana": 1.0
      },
      "country_entropy": -1.000088900581841e-12
    },
    "TgH42001": {
      "region": "South America",
      "region_confidence": {
        "South America": 1.0
      },
      "region_entropy": -1.000088900581841e-12,
      "country": "French Guiana",
      "country_confidence": {
        "French Guiana": 1.0
      },
      "country_entropy": -1.000088900581841e-12
    },
    "NODE_0000012": {
      "region": "South America",
      "region_confidence": {
        "South America": 0.9998699212277122
      },
      "region_entropy": 0.0013029471199209786,
      "country": "Brazil",
      "country_confidence": {
        "Brazil": 0.4947527995694998,
        "French Guiana": 0.489390431005947,
        "Guadeloupe": 0.014543745270881387,
        "Suriname": 0.0012345602738096243
      },
      "country_entropy": 0.7685496845470617
    },
    "TgH19006": {
      "region": "South America",
      "region_confidence": {
        "South America": 0.9999999999999999
      },
      "region_entropy": -9.99866855976916e-13,
      "country": "French Guiana",
      "country_confidence": {
        "French Guiana": 1.0
      },
      "country_entropy": -1.000088900581841e-12
    },
    "TgH13006": {
      "region": "Caribbean",
      "region_confidence": {
        "Caribbean": 1.0
      },
      "region_entropy": -1.000088900581841e-12,
      "country": "Guadeloupe",
      "country_confidence": {
        "Guadeloupe": 1.0
      },
      "country_entropy": -1.000088900581841e-12
    },
    "TgH18008": {
      "region": "South America",
      "region_confidence": {
        "South America": 0.9999999999999999
      },
      "region_entropy": -9.99866855976916e-13,
      "country": "Suriname",
      "country_confidence": {
        "Suriname": 1.0
      },
      "country_entropy": -1.000088900581841e-12
    },
    "NODE_0000018": {
      "region": "South America",
      "region_confidence": {
        "South America": 0.9998116182048188
      },
      "region_entropy": 0.002007947071252917,
      "country": "Brazil",
      "country_confidence": {
        "Brazil": 0.9996305613134311
      },
      "country_entropy": 0.0033696661300646274
    },
    "TgJagBr01": {
      "region": "South America",
      "region_confidence": {
        "South America": 1.0
      },
      "region_entropy": -1.000088900581841e-12,
      "country": "Brazil",
      "country_confidence": {
        "Brazil": 0.9999999999999999
      },
      "country_entropy": -9.99866855976916e-13
    },
    "TgCkBr181": {
      "region": "South America",
      "region_confidence": {
        "South America": 1.0
      },
      "region_entropy": -1.000088900581841e-12,
      "country": "Brazil",
      "country_confidence": {
        "Brazil": 0.9999999999999999
      },
      "country_entropy": -9.99866855976916e-13
    },
    "NODE_0000019": {
      "region": "Europe",
      "region_confidence": {
        "Europe": 0.999999999912702
      },
      "region_entropy": 2.1670627913476464e-09,
      "country": "Portugal",
      "country_confidence": {
        "Portugal": 0.9986313416294919,
        "Austria": 0.001368658342127566
      },
      "country_entropy": 0.010392551577135763
    },
    "TgCkPr11": {
      "region": "Europe",
      "region_confidence": {
        "Europe": 1.0
      },
      "region_entropy": -1.000088900581841e-12,
      "country": "Portugal",
      "country_confidence": {
        "Portugal": 1.0
      },
      "country_entropy": -1.000088900581841e-12
    },
    "TgCkPr03": {
      "region": "Europe",
      "region_confidence": {
        "Europe": 1.0
      },
      "region_entropy": -1.000088900581841e-12,
      "country": "Portugal",
      "country_confidence": {
        "Portugal": 1.0
      },
      "country_entropy": -1.000088900581841e-12
    },
    "TgCkAt08": {
      "region": "Europe",
      "region_confidence": {
        "Europe": 1.0
      },
      "region_entropy": -1.000088900581841e-12,
      "country": "Austria",
      "country_confidence": {
        "Austria": 1.0
      },
      "country_entropy": -1.000088900581841e-12
    },
    "TgCkAt27": {
      "region": "Europe",
      "region_confidence": {
        "Europe": 1.0
      },
      "region_entropy": -1.000088900581841e-12,
      "country": "Austria",
      "country_confidence": {
        "Austria": 1.0
      },
      "country_entropy": -1.000088900581841e-12
    },
    "TgCkAt20": {
      "region": "Europe",
      "region_confidence": {
        "Europe": 1.0
      },
      "region_entropy": -1.000088900581841e-12,
      "country": "Austria",
      "country_confidence": {
        "Austria": 1.0
      },
      "country_entropy": -1.000088900581841e-12
    },
    "TgPiPr13": {
      "region": "Europe",
      "region_confidence": {
        "Europe": 1.0
      },
      "region_entropy": -1.000088900581841e-12,
      "country": "Portugal",
      "country_confidence": {
        "Portugal": 1.0
      },
      "country_entropy": -1.000088900581841e-12
    },
    "TgPiPr09": {
      "region": "Europe",
      "region_confidence": {
        "Europe": 1.0
      },
      "region_entropy": -1.000088900581841e-12,
      "country": "Portugal",
      "country_confidence": {
        "Portugal": 1.0
      },
      "country_entropy": -1.000088900581841e-12
    },
    "NODE_0000020": {
      "region": "Europe",
      "region_confidence": {
        "Europe": 0.9963645202814417,
        "Africa": 0.0032182171285302006
      },
      "region_entropy": 0.02582897389973431,
      "country": "France ",
      "country_confidence": {
        "France ": 0.9973690645525166,
        "Portugal": 0.001955556753860495
      },
      "country_entropy": 0.019913281714447888
    },
    "NODE_0000021": {
      "region": "Europe",
      "region_confidence": {
        "Europe": 0.9959448925489017,
        "Africa": 0.003634210687600325
      },
      "region_entropy": 0.028219964624416012,
      "country": "France ",
      "country_confidence": {
        "France ": 0.9999893582872618
      },
      "country_entropy": 0.00014289117929626742
    },
    "NODE_0000022": {
      "region": "Europe",
      "region_confidence": {
        "Europe": 0.9500186029590708,
        "Africa": 0.04703405067283256,
        "Caribbean": 0.001349450207121532
      },
      "region_entropy": 0.21328476488914613,
      "country": "France ",
      "country_confidence": {
        "France ": 0.999013420508784
      },
      "country_entropy": 0.007855793860112184
    },
    "FR-OVI-ARI029-TgA32095": {
      "region": "Europe",
      "region_confidence": {
        "Europe": 1.0
      },
      "region_entropy": -1.000088900581841e-12,
      "country": "France ",
      "country_confidence": {
        "France ": 1.0
      },
      "country_entropy": -1.000088900581841e-12
    },
    "GAB5-GAL-DOM03-TgA105055": {
      "region": "Africa",
      "region_confidence": {
        "Africa": 1.0
      },
      "region_entropy": -1.000088900581841e-12,
      "country": "Gabon",
      "country_confidence": {
        "Gabon": 1.0
      },
      "country_entropy": -1.000088900581841e-12
    },
    "NODE_0000023": {
      "region": "Europe",
      "region_confidence": {
        "Europe": 0.9995477265237498
      },
      "region_entropy": 0.004400386019102343,
      "country": "France ",
      "country_confidence": {
        "France ": 0.9999999865803209
      },
      "country_entropy": 2.795245725801008e-07
    },
    "FR-OVI-ARI021-TgA32088": {
      "region": "Europe",
      "region_confidence": {
        "Europe": 0.9999999999999999
      },
      "region_entropy": -9.99866855976916e-13,
      "country": "France ",
      "country_confidence": {
        "France ": 0.9999999999999999
      },
      "country_entropy": -9.99866855976916e-13
    },
    "FR-OVI-ARI050-TgA32116": {
      "region": "Europe",
      "region_confidence": {
        "Europe": 0.9999999999999999
      },
      "region_entropy": -9.99866855976916e-13,
      "country": "France ",
      "country_confidence": {
        "France ": 0.9999999999999999
      },
      "country_entropy": -9.99866855976916e-13
    },
    "NODE_0000024": {
      "region": "Europe",
      "region_confidence": {
        "Europe": 0.9564844246476553,
        "Africa": 0.03971452398300882,
        "Asia": 0.0015613224705549385,
        "Caribbean": 0.0014698598863416197
      },
      "region_entropy": 0.19638829071540623,
      "country": "France ",
      "country_confidence": {
        "France ": 0.9973727709662839,
        "Ethiopia": 0.0019557322619145217
      },
      "country_entropy": 0.019871777280733697
    },
    "FR-OVI-ARI042-TgA32108": {
      "region": "Europe",
      "region_confidence": {
        "Europe": 1.0
      },
      "region_entropy": -1.000088900581841e-12,
      "country": "France ",
      "country_confidence": {
        "France ": 1.0
      },
      "country_entropy": -1.000088900581841e-12
    },
    "NODE_0000025": {
      "region": "Africa",
      "region_confidence": {
        "Africa": 0.8377408344067968,
        "Europe": 0.1209001202282079,
        "Asia": 0.03169083951269702,
        "Caribbean": 0.004777293165702079,
        "North America": 0.003908689198456681
      },
      "region_entropy": 0.5671476507727562,
      "country": "Ethiopia",
      "country_confidence": {
        "Ethiopia": 0.9973714667787352,
        "France ": 0.001956232022363066
      },
      "country_entropy": 0.019877859322879592
    },
    "NODE_0000026": {
      "region": "Africa",
      "region_confidence": {
        "Africa": 0.8500665943868323,
        "Asia": 0.10830699673584207,
        "Europe": 0.033348398844764794,
        "Caribbean": 0.005128074768720177,
        "North America": 0.0021923426719911575
      },
      "region_entropy": 0.5393579768998881,
      "country": "Ethiopia",
      "country_confidence": {
        "Ethiopia": 0.9973737561957867,
        "China": 0.00195704058350773
      },
      "country_entropy": 0.019847090316330394
    },
    "TgGtEt02": {
      "region": "Africa",
      "region_confidence": {
        "Africa": 1.0
      },
      "region_entropy": -1.000088900581841e-12,
      "country": "Ethiopia",
      "country_confidence": {
        "Ethiopia": 1.0
      },
      "country_entropy": -1.000088900581841e-12
    },
    "NODE_0000027": {
      "region": "Asia",
      "region_confidence": {
        "Asia": 0.9442719250290992,
        "Africa": 0.049860727173048056,
        "Caribbean": 0.002985854439968043,
        "Europe": 0.0018923167977833353
      },
      "region_entropy": 0.24039221127937357,
      "country": "China",
      "country_confidence": {
        "China": 0.9993244814679004
      },
      "country_entropy": 0.005659813473080917
    },
    "TgCtwh14": {
      "region": "Asia",
      "region_confidence": {
        "Asia": 1.0
      },
      "region_entropy": -1.000088900581841e-12,
      "country": "China",
      "country_confidence": {
        "China": 0.9999999999999999
      },
      "country_entropy": -9.99866855976916e-13
    },
    "TgCatCZg02": {
      "region": "Asia",
      "region_confidence": {
        "Asia": 1.0
      },
      "region_entropy": -1.000088900581841e-12,
      "country": "China",
      "country_confidence": {
        "China": 0.9999999999999999
      },
      "country_entropy": -9.99866855976916e-13
    },
    "NODE_0000028": {
      "region": "Africa",
      "region_confidence": {
        "Africa": 0.9697937864329974,
        "Europe": 0.015529267080333546,
        "North America": 0.008400420571039196,
        "Asia": 0.0048874018419294285,
        "Caribbean": 0.001083622396319307
      },
      "region_entropy": 0.1704520691903392,
      "country": "Ethiopia",
      "country_confidence": {
        "Ethiopia": 0.9999893656147236
      },
      "country_entropy": 0.00014275330674734667
    },
    "NODE_0000029": {
      "region": "Africa",
      "region_confidence": {
        "Africa": 0.92779558034596,
        "North America": 0.05940069226901415,
        "Europe": 0.006579936026742195,
        "Asia": 0.004078864969504669,
        "Caribbean": 0.0015001610666349262
      },
      "region_entropy": 0.3072360717046631,
      "country": "Ethiopia",
      "country_confidence": {
        "Ethiopia": 0.9990134089118328
      },
      "country_entropy": 0.007855750148789422
    },
    "TgWTDPa06": {
      "region": "North America",
      "region_confidence": {
        "North America": 1.0
      },
      "region_entropy": -1.000088900581841e-12,
      "country": "USA",
      "country_confidence": {
        "USA": 1.0
      },
      "country_entropy": -1.000088900581841e-12
    },
    "TgGtEt04": {
      "region": "Africa",
      "region_confidence": {
        "Africa": 0.9999999999999999
      },
      "region_entropy": -9.99866855976916e-13,
      "country": "Ethiopia",
      "country_confidence": {
        "Ethiopia": 0.9999999999999999
      },
      "country_entropy": -9.99866855976916e-13
    },
    "NODE_0000030": {
      "region": "Africa",
      "region_confidence": {
        "Africa": 0.997602379831957,
        "Europe": 0.001137621283509038
      },
      "region_entropy": 0.019899939164241553,
      "country": "Ethiopia",
      "country_confidence": {
        "Ethiopia": 0.9999999865853354
      },
      "country_entropy": 2.794540704743492e-07
    },
    "TgGtEt01": {
      "region": "Africa",
      "region_confidence": {
        "Africa": 1.0
      },
      "region_entropy": -1.000088900581841e-12,
      "country": "Ethiopia",
      "country_confidence": {
        "Ethiopia": 1.0
      },
      "country_entropy": -1.000088900581841e-12
    },
    "TgGtEt14": {
      "region": "Africa",
      "region_confidence": {
        "Africa": 1.0
      },
      "region_entropy": -1.000088900581841e-12,
      "country": "Ethiopia",
      "country_confidence": {
        "Ethiopia": 1.0
      },
      "country_entropy": -1.000088900581841e-12
    }
  },
  "generated_by": {
    "program": "augur",
    "version": "31.5.0"
  }
}