{
  "models": {
    "region": {
      "rate": 35.20307614929651,
      "alphabet": [
        "Africa",
        "Arctic",
        "Asia",
        "Caribbean",
        "Central America",
        "Europe",
        "Hawaii",
        "North America",
        "North American",
        "South America",
        "South American",
        "?"
      ],
      "equilibrium_probabilities": [
        0.06205653710864468,
        0.08056380523355267,
        0.1312810676214871,
        0.0947567740964283,
        0.0858094317950285,
        0.10156084666399437,
        0.088473409732905,
        0.09246464453711405,
        0.09940023033193346,
        0.06327747759882218,
        0.10035577528008967
      ],
      "transition_matrix": [
        [
          0.0,
          0.5877504178841635,
          1.4488445144619588,
          1.1709520614533129,
          0.5863182466404591,
          0.9311325533465966,
          0.6935763067663239,
          6.658994514298677,
          1.8614868908689357,
          0.9030969394786754,
          0.5849477005707364
        ],
        [
          0.5877504178841635,
          0.0,
          0.5888429663035818,
          0.5895543601860234,
          0.5904476859246999,
          0.5892310036306401,
          0.5902249431528,
          2.635046459808037,
          0.5905163851817706,
          0.5742001732026275,
          0.5902752309009656
        ],
        [
          1.4488445144619588,
          0.5888429663035818,
          0.0,
          0.5884934112427908,
          0.5896043683943983,
          0.8484776442949169,
          0.5893043442299312,
          1.210282351476213,
          1.6193164851274862,
          0.8553020401934076,
          0.589215303707783
        ],
        [
          1.1709520614533129,
          0.5895543601860234,
          0.5884934112427908,
          0.0,
          0.8201727728347266,
          0.5893835364667968,
          0.5905580196908963,
          2.337618546121468,
          0.591091981542421,
          1.954025367784845,
          0.5901199131455039
        ],
        [
          0.5863182466404591,
          0.5904476859246999,
          0.5896043683943983,
          0.8201727728347266,
          0.0,
          0.6263516968575079,
          0.6213105324965292,
          1.1765199118303649,
          0.5910893494034886,
          1.6161280015311776,
          0.5912016812684137
        ],
        [
          0.9311325533465966,
          0.5892310036306401,
          0.8484776442949169,
          0.5893835364667968,
          0.6263516968575079,
          0.0,
          0.7083172933632137,
          2.3891600354348967,
          0.7184282227138278,
          1.4144972679266656,
          0.5895351007671694
        ],
        [
          0.6935763067663239,
          0.5902249431528,
          0.5893043442299312,
          0.5905580196908963,
          0.6213105324965292,
          0.7083172933632137,
          0.0,
          1.4621366094521753,
          0.5909390205540579,
          1.412772005072912,
          0.725832591612184
        ],
        [
          6.658994514298677,
          2.635046459808037,
          1.210282351476213,
          2.337618546121468,
          1.1765199118303649,
          2.3891600354348967,
          1.4621366094521753,
          0.0,
          1.8964372705056438,
          7.245142799328489,
          0.8622841174834021
        ],
        [
          1.8614868908689357,
          0.5905163851817706,
          1.6193164851274862,
          0.591091981542421,
          0.5910893494034886,
          0.7184282227138278,
          0.5909390205540579,
          1.8964372705056438,
          0.0,
          0.9638634888663105,
          0.5908512942990833
        ],
        [
          0.9030969394786754,
          0.5742001732026275,
          0.8553020401934076,
          1.954025367784845,
          1.6161280015311776,
          1.4144972679266656,
          1.412772005072912,
          7.245142799328489,
          0.9638634888663105,
          0.0,
          1.33157610605721
        ],
        [
          0.5849477005707364,
          0.5902752309009656,
          0.589215303707783,
          0.5901199131455039,
          0.5912016812684137,
          0.5895351007671694,
          0.725832591612184,
          0.8622841174834021,
          0.5908512942990833,
          1.33157610605721,
          0.0
        ]
      ]
    },
    "country": {
      "rate": 39.19063428985639,
      "alphabet": [
        "Argentina",
        "Austria",
        "Brazil",
        "Canada",
        "Chile",
        "China",
        "Colombia",
        "Congo",
        "Costa Rica",
        "Egypt",
        "Ethiopia",
        "Grenada",
        "Guyana",
        "Israel",
        "Kenya",
        "Mali",
        "Mexico",
        "Nicaragua",
        "Peru",
        "Plateau",
        "Poland",
        "Portugal",
        "Puerto Rico",
        "Sri Lanka",
        "St. Kitts",
        "Svalbard",
        "Turkey",
        "USA",
        "?"
      ],
      "equilibrium_probabilities": [
        0.03736652287316282,
        0.04010319689016599,
        0.018936491688693633,
        0.031397003204172665,
        0.0340228459089204,
        0.04968365663575654,
        0.03307249083467214,
        0.042969431693220955,
        0.035076125275720946,
        0.025510257053820897,
        0.031547027749670054,
        0.030267285450085578,
        0.03513973960463319,
        0.04143935356626449,
        0.04141099265663457,
        0.041422606673161014,
        0.03207434754528969,
        0.03854651192234104,
        0.04132053254233215,
        0.04132017234339353,
        0.03848955184941462,
        0.03142828176314152,
        0.03752586464870293,
        0.041386496826790305,
        0.03859098036222153,
        0.027613823114450868,
        0.03870592736686685,
        0.023632481956299165
      ],
      "transition_matrix": [
        [
          0.0,
          0.9480045489972524,
          0.9365416176133613,
          0.948768109113825,
          0.9486498944185799,
          0.9482465706662481,
          0.9485797946165282,
          0.9487474300780583,
          0.9485178526885402,
          0.9468637670702907,
          0.9481983201127367,
          0.9479575055182694,
          0.9486342090365978,
          0.9486521979950557,
          0.948649663932956,
          0.948613503681872,
          0.9486770533739,
          0.9488762711230952,
          0.9486407098613896,
          0.9486412214550759,
          0.9486352515771717,
          0.9484676928082985,
          0.9488179276600106,
          0.9486431809799508,
          0.9486391720083718,
          0.9480668912024915,
          0.948055848218292,
          1.9868544787334774
        ],
        [
          0.9480045489972524,
          0.0,
          0.9356880154352222,
          0.9482693536241291,
          0.9481082982269944,
          0.947307816966318,
          0.9479645011126698,
          1.2755413861159897,
          0.9478944228918297,
          0.9506594312962715,
          0.947321743116962,
          0.9476269736477796,
          0.9479894559721677,
          0.9521562337531586,
          0.9482770781182842,
          0.9478858982820502,
          0.94822809574384,
          0.9482217038535387,
          0.9478763412530731,
          0.9478768961407548,
          0.9479230338959874,
          0.9480473019414163,
          0.9481683451734462,
          0.9479187012870935,
          0.9480025619118964,
          0.9477188508921291,
          0.9473405697155172,
          1.7668046835213798
        ],
        [
          0.9365416176133613,
          0.9356880154352222,
          0.0,
          1.4227368045606492,
          1.6319318356842494,
          0.9396358348011823,
          2.9043113313005935,
          0.9353647299698373,
          1.9013001780340697,
          0.9474364719610197,
          0.9490330994104765,
          2.359420182669314,
          2.3234802538163737,
          0.9351667341849947,
          0.935188845766862,
          0.9351729739375427,
          1.355427020079527,
          1.596132021760885,
          1.4025530812764095,
          1.402552577927051,
          1.8718832615361656,
          1.0579369987139255,
          1.715127066412982,
          0.9351503222835101,
          0.9361432405923099,
          0.9397201412465639,
          1.404161213863637,
          10.581281018782704
        ],
        [
          0.948768109113825,
          0.9482693536241291,
          1.4227368045606492,
          0.0,
          0.948958742531851,
          0.9482994768173288,
          0.9486346891723504,
          0.9488348354795121,
          0.9486412873598028,
          0.9484191650966819,
          0.9486436706249488,
          0.9485849929027522,
          0.9487429781403166,
          0.9486683861603146,
          0.9486663922807896,
          0.9486349762693592,
          0.950017644683861,
          0.9491545708248147,
          0.9485724925086272,
          0.9485729228665207,
          0.9486091191641158,
          0.9492158557257667,
          0.9490659646459929,
          0.9486575766850401,
          0.9487802702616807,
          0.9488553034486844,
          0.9482810950581562,
          2.9604827703420504
        ],
        [
          0.9486498944185799,
          0.9481082982269944,
          1.6319318356842494,
          0.948958742531851,
          0.0,
          0.9483100562376436,
          0.948626264782125,
          0.9487878639997056,
          0.9485784395932456,
          0.9470944488801126,
          0.9479462337934023,
          0.9481145556684816,
          0.9487618315565362,
          0.9486750590243286,
          0.9486728596779688,
          0.9486399783738135,
          0.9488342326617167,
          0.9491666737637129,
          0.9486642775646049,
          0.9486647427413504,
          0.9486654616312927,
          0.9485929831607499,
          0.9490767455793723,
          0.9486657336987182,
          0.9486672979498643,
          0.9481618312947722,
          0.9481524612306036,
          2.178272462916379
        ],
        [
          0.9482465706662481,
          0.947307816966318,
          0.9396358348011823,
          0.9482994768173288,
          0.9483100562376436,
          0.0,
          0.9482383258674946,
          0.9482354973291307,
          0.9481312369968656,
          1.4420322415552107,
          0.982728568415502,
          0.9474072162232318,
          0.9483702967520087,
          0.9482436450358939,
          0.9482411647084213,
          0.9481928242715579,
          2.491348013618477,
          0.9485083186479287,
          0.9482319190576902,
          0.9482326021871301,
          0.9482549499904704,
          0.9481375946888113,
          0.9484651058173056,
          0.9482354951888446,
          0.9482606410926481,
          0.9476165306494931,
          0.9474721067320331,
          0.952764442857317
        ],
        [
          0.9485797946165282,
          0.9479645011126698,
          2.9043113313005935,
          0.9486346891723504,
          0.948626264782125,
          0.9482383258674946,
          0.0,
          0.9485999412984881,
          0.9485135050350487,
          0.9470036025736116,
          0.9478603780808741,
          0.9479822032585199,
          0.9487460394525293,
          0.9486014429099134,
          0.9485998784630933,
          0.9485685298916572,
          0.948735281083986,
          0.9494112697591731,
          0.9485974128793226,
          0.9485978635350013,
          0.9485967471653867,
          0.9484486563891696,
          0.9493422016671728,
          0.9485974009842988,
          0.9485956592100468,
          0.9480961570509286,
          0.9480476740955257,
          0.9382706037758869
        ],
        [
          0.9487474300780583,
          1.2755413861159897,
          0.9353647299698373,
          0.9488348354795121,
          0.9487878639997056,
          0.9482354973291307,
          0.9485999412984881,
          0.0,
          0.9485732687430555,
          0.9472755819243109,
          0.9478877509117228,
          1.9733506028097871,
          0.9486621002969223,
          0.9487412197601289,
          0.9487373990851093,
          0.9491250257187338,
          0.9488494198780563,
          0.948977044273376,
          0.9486765140344964,
          0.9486771021175399,
          0.948667843328594,
          0.9486581782476784,
          0.9489028587009986,
          0.9487318851357917,
          0.9487710330505045,
          0.9482603152433063,
          0.9480418768314325,
          1.4135818358206478
        ],
        [
          0.9485178526885402,
          0.9478944228918297,
          1.9013001780340697,
          0.9486412873598028,
          0.9485784395932456,
          0.9481312369968656,
          0.9485135050350487,
          0.9485732687430555,
          0.0,
          0.9468841005325062,
          0.9477662621641065,
          0.9486846271603538,
          0.9486343680109955,
          0.9485338934299473,
          0.9485319468666711,
          0.9484984378260157,
          0.9486425101198709,
          1.8979306567896386,
          0.9485312720358919,
          0.9485317524393334,
          0.9485396216188168,
          0.9485683427802667,
          0.94966163575586,
          0.948527871385522,
          0.9485322750953962,
          0.9480255676837471,
          0.9479715286219578,
          1.4013604435574527
        ],
        [
          0.9468637670702907,
          0.9506594312962715,
          0.9474364719610197,
          0.9484191650966819,
          0.9470944488801126,
          1.4420322415552107,
          0.9470036025736116,
          0.9472755819243109,
          0.9468841005325062,
          0.0,
          1.3706694009069318,
          0.9479383633191917,
          0.9470978114447535,
          0.9567899802078804,
          0.9554948741725913,
          0.9502002380417566,
          2.7430394340845057,
          0.9470650816686854,
          0.9466226194718865,
          0.9466229851370414,
          0.9467641139118175,
          1.0527935744400971,
          0.9470016828355124,
          0.9466472034023369,
          0.9468118490817058,
          0.9470522916692543,
          1.0406017620675296,
          6.05810066335032
        ],
        [
          0.9481983201127367,
          0.947321743116962,
          0.9490330994104765,
          0.9486436706249488,
          0.9479462337934023,
          0.982728568415502,
          0.9478603780808741,
          0.9478877509117228,
          0.9477662621641065,
          1.3706694009069318,
          0.0,
          0.9475182742330951,
          0.9479371229374864,
          0.9477191958038722,
          0.9477180680469841,
          0.9476825463302364,
          1.225215445491019,
          0.9480299409271178,
          0.9476871885903444,
          0.9476876281615592,
          0.9477604422092887,
          0.948278705134759,
          0.9479745588712598,
          0.9477027346190614,
          0.947789929060273,
          0.9476446875781002,
          0.9474910293627072,
          3.479598211294575
        ],
        [
          0.9479575055182694,
          0.9476269736477796,
          2.359420182669314,
          0.9485849929027522,
          0.9481145556684816,
          0.9474072162232318,
          0.9479822032585199,
          1.9733506028097871,
          0.9486846271603538,
          0.9479383633191917,
          0.9475182742330951,
          0.0,
          0.9481602313987527,
          0.9478906167731669,
          0.9478892517280014,
          0.9496203676859677,
          0.9487859878440982,
          0.9486199235883225,
          0.9478632279857739,
          0.9478636472752413,
          0.947915859447943,
          0.9482297276960878,
          0.9485117878888364,
          0.9478808714695413,
          0.9479489051303063,
          0.9477565786879922,
          0.9475021368749883,
          2.7921720800076524
        ],
        [
          0.9486342090365978,
          0.9479894559721677,
          2.3234802538163737,
          0.9487429781403166,
          0.9487618315565362,
          0.9483702967520087,
          0.9487460394525293,
          0.9486621002969223,
          0.9486343680109955,
          0.9470978114447535,
          0.9479371229374864,
          0.9481602313987527,
          0.0,
          0.9486502559988836,
          0.9486485892475865,
          0.9486152763909868,
          1.1986252168919347,
          0.949355390355853,
          0.9486828242048061,
          0.9486833039311383,
          0.9487222944708413,
          0.9485635841260645,
          0.9492940698268052,
          0.9486456501522277,
          0.9486512557004606,
          0.9481428703403862,
          0.9481185737248718,
          0.9770971841224835
        ],
        [
          0.9486521979950557,
          0.9521562337531586,
          0.9351667341849947,
          0.9486683861603146,
          0.9486750590243286,
          0.9482436450358939,
          0.9486014429099134,
          0.9487412197601289,
          0.9485338934299473,
          0.9567899802078804,
          0.9477191958038722,
          0.9478906167731669,
          0.9486502559988836,
          0.0,
          0.9495767550510485,
          0.9486465317358526,
          0.9486636856675227,
          0.9489118057081197,
          0.94867742916686,
          0.9486779962157685,
          0.9486684827072678,
          0.9484303480536617,
          0.9488573943363484,
          0.9486812092518397,
          0.9486747420666559,
          0.9480328843682242,
          0.9480040022610352,
          1.397215590085555
        ],
        [
          0.948649663932956,
          0.9482770781182842,
          0.935188845766862,
          0.9486663922807896,
          0.9486728596779688,
          0.9482411647084213,
          0.9485998784630933,
          0.9487373990851093,
          0.9485319468666711,
          0.9554948741725913,
          0.9477180680469841,
          0.9478892517280014,
          0.9486485892475865,
          0.9495767550510485,
          0.0,
          0.9486441077727554,
          0.9486615282870249,
          0.9489096044198377,
          0.9486754102076814,
          0.9486759768819133,
          0.9486666116805729,
          0.948428979402175,
          0.9488553375245852,
          0.9486787524565896,
          0.9486722193860476,
          0.948032955688013,
          0.9480019100551171,
          1.400531921869258
        ],
        [
          0.948613503681872,
          0.9478858982820502,
          0.9351729739375427,
          0.9486349762693592,
          0.9486399783738135,
          0.9481928242715579,
          0.9485685298916572,
          0.9491250257187338,
          0.9484984378260157,
          0.9502002380417566,
          0.9476825463302364,
          0.9496203676859677,
          0.9486152763909868,
          0.9486465317358526,
          0.9486441077727554,
          0.0,
          0.9486286952471747,
          0.9488728448063402,
          0.9486362967906523,
          0.9486368639172015,
          0.9486301655201005,
          0.9483942274166105,
          0.9488196731986785,
          0.9486392802987458,
          0.9486348888818456,
          0.9480011134179044,
          0.9479644068605811,
          1.4026608557249003
        ],
        [
          0.9486770533739,
          0.94822809574384,
          1.355427020079527,
          0.950017644683861,
          0.9488342326617167,
          2.491348013618477,
          0.948735281083986,
          0.9488494198780563,
          0.9486425101198709,
          2.7430394340845057,
          1.225215445491019,
          0.9487859878440982,
          1.1986252168919347,
          0.9486636856675227,
          0.9486615282870249,
          0.9486286952471747,
          0.0,
          0.949119179744461,
          0.9486406321408448,
          0.9486410714833927,
          0.9486908651170156,
          1.1032206432020366,
          0.9490074071526494,
          0.9486384079561435,
          0.9486885861337234,
          0.9484003022100027,
          0.9484582961697802,
          3.3196433170867774
        ],
        [
          0.9488762711230952,
          0.9482217038535387,
          1.596132021760885,
          0.9491545708248147,
          0.9491666737637129,
          0.9485083186479287,
          0.9494112697591731,
          0.948977044273376,
          1.8979306567896386,
          0.9470650816686854,
          0.9480299409271178,
          0.9486199235883225,
          0.949355390355853,
          0.9489118057081197,
          0.9489096044198377,
          0.9488728448063402,
          0.949119179744461,
          0.0,
          0.9490801629523148,
          0.9490806873852667,
          0.9492264968263614,
          0.9876468276992759,
          1.3761154239967035,
          0.9489045407360176,
          0.9488973869952665,
          0.9482859994617869,
          0.948489585790428,
          1.5521291694021337
        ],
        [
          0.9486407098613896,
          0.9478763412530731,
          1.4025530812764095,
          0.9485724925086272,
          0.9486642775646049,
          0.9482319190576902,
          0.9485974128793226,
          0.9486765140344964,
          0.9485312720358919,
          0.9466226194718865,
          0.9476871885903444,
          0.9478632279857739,
          0.9486828242048061,
          0.94867742916686,
          0.9486754102076814,
          0.9486362967906523,
          0.9486406321408448,
          0.9490801629523148,
          0.0,
          0.9486720621113776,
          0.948662947744878,
          0.9483862969259184,
          0.9490256821924338,
          0.9486723755001878,
          0.9486634833399777,
          0.9480130656969756,
          0.9479749228924745,
          0.9353787641743544
        ],
        [
          0.9486412214550759,
          0.9478768961407548,
          1.402552577927051,
          0.9485729228665207,
          0.9486647427413504,
          0.9482326021871301,
          0.9485978635350013,
          0.9486771021175399,
          0.9485317524393334,
          0.9466229851370414,
          0.9476876281615592,
          0.9478636472752413,
          0.9486833039311383,
          0.9486779962157685,
          0.9486759768819133,
          0.9486368639172015,
          0.9486410714833927,
          0.9490806873852667,
          0.9486720621113776,
          0.0,
          0.9486634737532914,
          0.9483867293428098,
          0.9490261929226746,
          0.9486729418583488,
          0.9486640115128826,
          0.9480134488324677,
          0.9479754576632994,
          0.935379129748855
        ],
        [
          0.9486352515771717,
          0.9479230338959874,
          1.8718832615361656,
          0.9486091191641158,
          0.9486654616312927,
          0.9482549499904704,
          0.9485967471653867,
          0.948667843328594,
          0.9485396216188168,
          0.9467641139118175,
          0.9477604422092887,
          0.947915859447943,
          0.9487222944708413,
          0.9486684827072678,
          0.9486666116805729,
          0.9486301655201005,
          0.9486908651170156,
          0.9492264968263614,
          0.948662947744878,
          0.9486634737532914,
          0.0,
          0.9484220464789148,
          0.9491651300669791,
          0.9486637594537476,
          0.9486561637035363,
          0.9480529873193301,
          0.948015487182912,
          0.9363723918250226
        ],
        [
          0.9484676928082985,
          0.9480473019414163,
          1.0579369987139255,
          0.9492158557257667,
          0.9485929831607499,
          0.9481375946888113,
          0.9484486563891696,
          0.9486581782476784,
          0.9485683427802667,
          1.0527935744400971,
          0.948278705134759,
          0.9482297276960878,
          0.9485635841260645,
          0.9484303480536617,
          0.948428979402175,
          0.9483942274166105,
          1.1032206432020366,
          0.9876468276992759,
          0.9483862969259184,
          0.9483867293428098,
          0.9484220464789148,
          0.0,
          0.9487776516711687,
          0.9484134638504049,
          0.948473163105435,
          0.94821160907216,
          1.3241018218498937,
          3.8471762001129792
        ],
        [
          0.9488179276600106,
          0.9481683451734462,
          1.715127066412982,
          0.9490659646459929,
          0.9490767455793723,
          0.9484651058173056,
          0.9493422016671728,
          0.9489028587009986,
          0.94966163575586,
          0.9470016828355124,
          0.9479745588712598,
          0.9485117878888364,
          0.9492940698268052,
          0.9488573943363484,
          0.9488553375245852,
          0.9488196731986785,
          0.9490074071526494,
          1.3761154239967035,
          0.9490256821924338,
          0.9490261929226746,
          0.9491651300669791,
          0.9487776516711687,
          0.0,
          0.9488510203323463,
          0.9488374222495536,
          0.9482224997146912,
          0.9483998914588344,
          1.4094815715608455
        ],
        [
          0.9486431809799508,
          0.9479187012870935,
          0.9351503222835101,
          0.9486575766850401,
          0.9486657336987182,
          0.9482354951888446,
          0.9485974009842988,
          0.9487318851357917,
          0.948527871385522,
          0.9466472034023369,
          0.9477027346190614,
          0.9478808714695413,
          0.9486456501522277,
          0.9486812092518397,
          0.9486787524565896,
          0.9486392802987458,
          0.9486384079561435,
          0.9489045407360176,
          0.9486723755001878,
          0.9486729418583488,
          0.9486637594537476,
          0.9484134638504049,
          0.9488510203323463,
          0.0,
          0.948665655770052,
          0.9480170908835904,
          0.9479965842226404,
          1.403835146934244
        ],
        [
          0.9486391720083718,
          0.9480025619118964,
          0.9361432405923099,
          0.9487802702616807,
          0.9486672979498643,
          0.9482606410926481,
          0.9485956592100468,
          0.9487710330505045,
          0.9485322750953962,
          0.9468118490817058,
          0.947789929060273,
          0.9479489051303063,
          0.9486512557004606,
          0.9486747420666559,
          0.9486722193860476,
          0.9486348888818456,
          0.9486885861337234,
          0.9488973869952665,
          0.9486634833399777,
          0.9486640115128826,
          0.9486561637035363,
          0.948473163105435,
          0.9488374222495536,
          0.948665655770052,
          0.0,
          0.948060534680716,
          0.9480554519559196,
          1.875618937171419
        ],
        [
          0.9480668912024915,
          0.9477188508921291,
          0.9397201412465639,
          0.9488553034486844,
          0.9481618312947722,
          0.9476165306494931,
          0.9480961570509286,
          0.9482603152433063,
          0.9480255676837471,
          0.9470522916692543,
          0.9476446875781002,
          0.9477565786879922,
          0.9481428703403862,
          0.9480328843682242,
          0.948032955688013,
          0.9480011134179044,
          0.9484003022100027,
          0.9482859994617869,
          0.9480130656969756,
          0.9480134488324677,
          0.9480529873193301,
          0.94821160907216,
          0.9482224997146912,
          0.9480170908835904,
          0.948060534680716,
          0.0,
          0.9476983729883495,
          4.267418879654847
        ],
        [
          0.948055848218292,
          0.9473405697155172,
          1.404161213863637,
          0.9482810950581562,
          0.9481524612306036,
          0.9474721067320331,
          0.9480476740955257,
          0.9480418768314325,
          0.9479715286219578,
          1.0406017620675296,
          0.9474910293627072,
          0.9475021368749883,
          0.9481185737248718,
          0.9480040022610352,
          0.9480019100551171,
          0.9479644068605811,
          0.9484582961697802,
          0.948489585790428,
          0.9479749228924745,
          0.9479754576632994,
          0.948015487182912,
          1.3241018218498937,
          0.9483998914588344,
          0.9479965842226404,
          0.9480554519559196,
          0.9476983729883495,
          0.0,
          1.580488296886828
        ],
        [
          1.9868544787334774,
          1.7668046835213798,
          10.581281018782704,
          2.9604827703420504,
          2.178272462916379,
          0.952764442857317,
          0.9382706037758869,
          1.4135818358206478,
          1.4013604435574527,
          6.05810066335032,
          3.479598211294575,
          2.7921720800076524,
          0.9770971841224835,
          1.397215590085555,
          1.400531921869258,
          1.4026608557249003,
          3.3196433170867774,
          1.5521291694021337,
          0.9353787641743544,
          0.935379129748855,
          0.9363723918250226,
          3.8471762001129792,
          1.4094815715608455,
          1.403835146934244,
          1.875618937171419,
          4.267418879654847,
          1.580488296886828,
          0.0
        ]
      ]
    }
  },
  "nodes": {
    "NODE_0000000": {
      "region": "North America",
      "region_confidence": {
        "North America": 0.8625823000678924,
        "South America": 0.11871924929678795,
        "Africa": 0.009306736174191432,
        "Caribbean": 0.0022261220774841234,
        "Europe": 0.0018279713930664996,
        "North American": 0.0016361659313315058,
        "Arctic": 0.0013465984222094018
      },
      "region_entropy": 0.48597199574785477,
      "country": "USA",
      "country_confidence": {
        "USA": 0.8343821527160412,
        "Brazil": 0.08956474071675272,
        "Canada": 0.053038279114768876,
        "Mexico": 0.0023877623260133802,
        "Egypt": 0.0022587600050117096,
        "Ethiopia": 0.0014538181212837458,
        "Portugal": 0.0014407534111072068,
        "Svalbard": 0.0014004016435022223,
        "Grenada": 0.0011575081545938176
      },
      "country_entropy": 0.6810956639606343
    },
    "NODE_0000001": {
      "region": "North America",
      "region_confidence": {
        "North America": 0.9909935817791193,
        "South America": 0.0057539763593955255,
        "Africa": 0.002023317615717494
      },
      "region_entropy": 0.0616974050082183,
      "country": "Canada",
      "country_confidence": {
        "Canada": 0.5833400024897163,
        "USA": 0.39123681093880475,
        "Brazil": 0.013220746880781108,
        "Egypt": 0.0017049580214424584,
        "Svalbard": 0.0010449987179863632,
        "Portugal": 0.0010116332600197196
      },
      "country_entropy": 0.829292830408561
    },
    "TgCgCa2(nd)": {
      "region": "North America",
      "region_confidence": {
        "North America": 1.0
      },
      "region_entropy": -1.000088900581841e-12,
      "country": "Canada",
      "country_confidence": {
        "Canada": 1.0
      },
      "country_entropy": -1.000088900581841e-12
    },
    "TgFpCA1": {
      "region": "North America",
      "region_confidence": {
        "North America": 1.0
      },
      "region_entropy": -1.000088900581841e-12,
      "country": "USA",
      "country_confidence": {
        "USA": 1.0
      },
      "country_entropy": -1.000088900581841e-12
    },
    "NODE_0000002": {
      "region": "North America",
      "region_confidence": {
        "North America": 0.8676371227979052,
        "South America": 0.12380295613166564,
        "Africa": 0.005435360401196981
      },
      "region_entropy": 0.4336901980551252,
      "country": "USA",
      "country_confidence": {
        "USA": 0.892241658052678,
        "Brazil": 0.09580953349082229,
        "Canada": 0.007286464445310898,
        "Mexico": 0.0014066547903509804
      },
      "country_entropy": 0.39961273083871474
    },
    "NODE_0000003": {
      "region": "North America",
      "region_confidence": {
        "North America": 0.9717124839573432,
        "South America": 0.024773400216333605,
        "Africa": 0.0016390029041440757,
        "Caribbean": 0.0014191759156821514
      },
      "region_entropy": 0.14360434729892213,
      "country": "USA",
      "country_confidence": {
        "USA": 0.98901559577517,
        "Brazil": 0.010264488621672438
      },
      "country_entropy": 0.06472000243223876
    },
    "TgPgUs11(0)": {
      "region": "North America",
      "region_confidence": {
        "North America": 1.0
      },
      "region_entropy": -1.000088900581841e-12,
      "country": "USA",
      "country_confidence": {
        "USA": 1.0
      },
      "country_entropy": -1.000088900581841e-12
    },
    "NODE_0000004": {
      "region": "North America",
      "region_confidence": {
        "North America": 0.9839873288829105,
        "South America": 0.0124738861644916,
        "Caribbean": 0.0023991368229828803
      },
      "region_entropy": 0.09381786758191091,
      "country": "USA",
      "country_confidence": {
        "USA": 0.9935803813232869,
        "Brazil": 0.005696007405571106
      },
      "country_entropy": 0.04265694104761481
    },
    "NODE_0000005": {
      "region": "Caribbean",
      "region_confidence": {
        "Caribbean": 0.9994672900261414
      },
      "region_entropy": 0.004982435097154303,
      "country": "Puerto Rico",
      "country_confidence": {
        "Puerto Rico": 0.9998217504889432
      },
      "country_entropy": 0.0020830721279077066
    },
    "TgCatPr5(100)": {
      "region": "Caribbean",
      "region_confidence": {
        "Caribbean": 0.9999999999999999
      },
      "region_entropy": -9.99866855976916e-13,
      "country": "Puerto Rico",
      "country_confidence": {
        "Puerto Rico": 1.0
      },
      "country_entropy": -1.000088900581841e-12
    },
    "TgCatPr7(100)": {
      "region": "Caribbean",
      "region_confidence": {
        "Caribbean": 0.9999999999999999
      },
      "region_entropy": -9.99866855976916e-13,
      "country": "Puerto Rico",
      "country_confidence": {
        "Puerto Rico": 1.0
      },
      "country_entropy": -1.000088900581841e-12
    },
    "NODE_0000006": {
      "region": "North America",
      "region_confidence": {
        "North America": 0.9995186763473981
      },
      "region_entropy": 0.004415764526058707,
      "country": "USA",
      "country_confidence": {
        "USA": 0.9999300122683744
      },
      "country_entropy": 0.0007584141651555888
    },
    "NODE_0000007": {
      "region": "North America",
      "region_confidence": {
        "North America": 0.999581344382168
      },
      "region_entropy": 0.004130683640792151,
      "country": "USA",
      "country_confidence": {
        "USA": 0.9999639410963054
      },
      "country_entropy": 0.00046100564981497414
    },
    "NODE_0000008": {
      "region": "North America",
      "region_confidence": {
        "North America": 0.9989376432795604
      },
      "region_entropy": 0.009710885853789208,
      "country": "USA",
      "country_confidence": {
        "USA": 0.9999174173581934
      },
      "country_entropy": 0.0010125420711635652
    },
    "NODE_0000023": {
      "region": "North America",
      "region_confidence": {
        "North America": 0.9999999567357979
      },
      "region_entropy": 8.097163241768553e-07,
      "country": "USA",
      "country_confidence": {
        "USA": 0.999999999614009
      },
      "country_entropy": 8.946334259824495e-09
    },
    "TgGoatUS7(nd)": {
      "region": "North America",
      "region_confidence": {
        "North America": 1.0
      },
      "region_entropy": -1.000088900581841e-12,
      "country": "USA",
      "country_confidence": {
        "USA": 1.0
      },
      "country_entropy": -1.000088900581841e-12
    },
    "TgSoUs1(nd)": {
      "region": "North America",
      "region_confidence": {
        "North America": 1.0
      },
      "region_entropy": -1.000088900581841e-12,
      "country": "USA",
      "country_confidence": {
        "USA": 1.0
      },
      "country_entropy": -1.000088900581841e-12
    },
    "TgSoUs2(0)": {
      "region": "North America",
      "region_confidence": {
        "North America": 1.0
      },
      "region_entropy": -1.000088900581841e-12,
      "country": "USA",
      "country_confidence": {
        "USA": 1.0
      },
      "country_entropy": -1.000088900581841e-12
    },
    "NODE_0000010": {
      "region": "North America",
      "region_confidence": {
        "North America": 0.9999254637613519
      },
      "region_entropy": 0.0008723416232519683,
      "country": "USA",
      "country_confidence": {
        "USA": 0.9999945294915934
      },
      "country_entropy": 8.099098961638096e-05
    },
    "TgFpIN1": {
      "region": "North America",
      "region_confidence": {
        "North America": 0.9999999999999999
      },
      "region_entropy": -9.99866855976916e-13,
      "country": "USA",
      "country_confidence": {
        "USA": 1.0
      },
      "country_entropy": -1.000088900581841e-12
    },
    "NODE_0000024": {
      "region": "North America",
      "region_confidence": {
        "North America": 0.9999990315284578
      },
      "region_entropy": 1.5251113732286096e-05,
      "country": "USA",
      "country_confidence": {
        "USA": 0.9999999756254688
      },
      "country_entropy": 4.749195970500178e-07
    },
    "TgFpFL1": {
      "region": "North America",
      "region_confidence": {
        "North America": 1.0
      },
      "region_entropy": -1.000088900581841e-12,
      "country": "USA",
      "country_confidence": {
        "USA": 0.9999999999999999
      },
      "country_entropy": -9.99866855976916e-13
    },
    "TgFpAR5": {
      "region": "North America",
      "region_confidence": {
        "North America": 1.0
      },
      "region_entropy": -1.000088900581841e-12,
      "country": "USA",
      "country_confidence": {
        "USA": 0.9999999999999999
      },
      "country_entropy": -9.99866855976916e-13
    },
    "TgWTDNJ3": {
      "region": "North America",
      "region_confidence": {
        "North America": 1.0
      },
      "region_entropy": -1.000088900581841e-12,
      "country": "USA",
      "country_confidence": {
        "USA": 0.9999999999999999
      },
      "country_entropy": -9.99866855976916e-13
    },
    "NODE_0000012": {
      "region": "North America",
      "region_confidence": {
        "North America": 0.9999519154447225
      },
      "region_entropy": 0.0005778835201196162,
      "country": "USA",
      "country_confidence": {
        "USA": 0.9999977931846433
      },
      "country_entropy": 3.426843172331479e-05
    },
    "NODE_0000013": {
      "region": "North America",
      "region_confidence": {
        "North America": 0.9999796677935819
      },
      "region_entropy": 0.0002636389014771688,
      "country": "USA",
      "country_confidence": {
        "USA": 0.9999985974896616
      },
      "country_entropy": 2.2614461015241187e-05
    },
    "TgCyW1(0)": {
      "region": "North America",
      "region_confidence": {
        "North America": 1.0
      },
      "region_entropy": -1.000088900581841e-12,
      "country": "USA",
      "country_confidence": {
        "USA": 1.0
      },
      "country_entropy": -1.000088900581841e-12
    },
    "NODE_0000014": {
      "region": "North America",
      "region_confidence": {
        "North America": 0.9999807167209702
      },
      "region_entropy": 0.00025132876268588655,
      "country": "USA",
      "country_confidence": {
        "USA": 0.9999986148051706
      },
      "country_entropy": 2.2363814527360703e-05
    },
    "TgRaW5(0)": {
