Map from character to field name
A:	Austria
B:	Barbados
C:	Brazil
D:	China
E:	Ethiopia
F:	France 
G:	French Guiana
H:	Gabon
I:	Guadeloupe
J:	Portugal
K:	Puerto Rico
L:	Suriname
M:	Turkey
N:	USA
O:	?


Substitution rate (mu): 9.2823

Equilibrium frequencies (pi_i):
  A: 0.0827
  B: 0.0695
  C: 0.0681
  D: 0.0701
  E: 0.0681
  F: 0.0681
  G: 0.0693
  H: 0.0729
  I: 0.0749
  J: 0.0734
  K: 0.068
  L: 0.0728
  M: 0.0694
  N: 0.0728

Symmetrized rates from j->i (W_ij):
	A	B	C	D	E	F	G	H	I	J	K	L	M	N
  A	0	1.0254	1.0256	1.0248	1.0258	1.0262	1.0261	1.0248	1.0248	2.5623	1.0255	1.0246	1.0261	1.0246
  B	1.0254	0	1.0366	1.1293	1.0263	1.0266	1.037	1.0301	1.1387	1.0305	1.0333	1.0253	1.0508	1.0253
  C	1.0256	1.0366	0	1.029	1.0265	1.0268	1.1403	1.0257	1.282	1.0267	1.0263	1.2795	1.0464	1.0255
  D	1.0248	1.1293	1.029	0	1.0273	1.0261	1.0294	1.0263	1.3075	1.0272	1.0277	1.0248	1.0332	1.0248
  E	1.0258	1.0263	1.0265	1.0273	0	1.0279	1.0269	1.0259	1.026	1.0269	1.0264	1.0257	1.0269	1.5372
  F	1.0262	1.0266	1.0268	1.0261	1.0279	0	1.0272	1.5378	1.0262	1.0274	1.0267	1.026	1.0272	1.026
  G	1.0261	1.037	1.1403	1.0294	1.0269	1.0272	0	1.0262	1.286	1.0272	1.0267	1.2816	1.0469	1.026
  H	1.0248	1.0301	1.0257	1.0263	1.0259	1.5378	1.0262	0	1.0264	1.0261	1.0256	1.0248	1.0853	1.0248
  I	1.0248	1.1387	1.282	1.3075	1.026	1.0262	1.286	1.0264	0	1.0273	1.0278	1.028	1.0348	1.0248
  J	2.5623	1.0305	1.0267	1.0272	1.0269	1.0274	1.0272	1.0261	1.0273	0	1.0267	1.0259	1.0352	1.0259
  K	1.0255	1.0333	1.0263	1.0277	1.0264	1.0267	1.0267	1.0256	1.0278	1.0267	0	1.0254	1.0412	1.0254
  L	1.0246	1.0253	1.2795	1.0248	1.0257	1.026	1.2816	1.0248	1.028	1.0259	1.0254	0	1.0259	1.0246
  M	1.0261	1.0508	1.0464	1.0332	1.0269	1.0272	1.0469	1.0853	1.0348	1.0352	1.0412	1.0259	0	1.0259
  N	1.0246	1.0253	1.0255	1.0248	1.5372	1.026	1.026	1.0248	1.0248	1.0259	1.0254	1.0246	1.0259	0

Actual rates from j->i (Q_ij):
	A	B	C	D	E	F	G	H	I	J	K	L	M	N
  A	0	0.0848	0.0848	0.0847	0.0848	0.0848	0.0848	0.0847	0.0847	0.2118	0.0848	0.0847	0.0848	0.0847
  B	0.0713	0	0.0721	0.0785	0.0713	0.0714	0.0721	0.0716	0.0792	0.0716	0.0718	0.0713	0.073	0.0713
  C	0.0698	0.0705	0	0.07	0.0699	0.0699	0.0776	0.0698	0.0872	0.0699	0.0698	0.0871	0.0712	0.0698
  D	0.0718	0.0791	0.0721	0	0.072	0.0719	0.0721	0.0719	0.0916	0.072	0.072	0.0718	0.0724	0.0718
  E	0.0699	0.0699	0.0699	0.07	0	0.07	0.07	0.0699	0.0699	0.07	0.0699	0.0699	0.07	0.1047
  F	0.0699	0.0699	0.0699	0.0699	0.07	0	0.07	0.1047	0.0699	0.07	0.0699	0.0699	0.07	0.0699
  G	0.0711	0.0718	0.079	0.0713	0.0711	0.0712	0	0.0711	0.0891	0.0712	0.0711	0.0888	0.0725	0.0711
  H	0.0747	0.0751	0.0748	0.0748	0.0748	0.1121	0.0748	0	0.0748	0.0748	0.0748	0.0747	0.0791	0.0747
  I	0.0767	0.0853	0.096	0.0979	0.0768	0.0768	0.0963	0.0769	0	0.0769	0.077	0.077	0.0775	0.0767
  J	0.188	0.0756	0.0753	0.0754	0.0753	0.0754	0.0754	0.0753	0.0754	0	0.0753	0.0753	0.0759	0.0753
  K	0.0697	0.0702	0.0698	0.0699	0.0698	0.0698	0.0698	0.0697	0.0699	0.0698	0	0.0697	0.0708	0.0697
  L	0.0746	0.0747	0.0932	0.0746	0.0747	0.0747	0.0933	0.0746	0.0749	0.0747	0.0747	0	0.0747	0.0746
  M	0.0712	0.0729	0.0726	0.0717	0.0712	0.0713	0.0726	0.0753	0.0718	0.0718	0.0722	0.0712	0	0.0712
  N	0.0746	0.0747	0.0747	0.0746	0.1119	0.0747	0.0747	0.0746	0.0746	0.0747	0.0747	0.0746	0.0747	0
